6.000000000000000000e+00 2.670220153702733135e-01 0.000000000000000000e+00
6.049999999999999822e+00 2.529576547701707367e-01 0.000000000000000000e+00
6.099999999999999645e+00 2.396341490871303492e-01 0.000000000000000000e+00
6.149999999999999467e+00 2.270124796418929447e-01 0.000000000000000000e+00
6.199999999999999289e+00 2.150556833520765876e-01 0.000000000000000000e+00
6.249999999999999112e+00 2.037287444898352451e-01 0.000000000000000000e+00
6.299999999999998934e+00 1.929984921435764500e-01 0.000000000000000000e+00
6.349999999999998757e+00 1.828335030835007424e-01 0.000000000000000000e+00
6.399999999999998579e+00 1.732040097465597506e-01 0.000000000000000000e+00
6.449999999999998401e+00 1.640818130714247480e-01 0.000000000000000000e+00
6.499999999999998224e+00 1.554401999282691849e-01 0.000000000000000000e+00
6.549999999999998046e+00 1.472538649016311429e-01 0.000000000000000000e+00
6.599999999999997868e+00 1.394988361973754643e-01 0.000000000000000000e+00
6.649999999999997691e+00 1.321524054568611883e-01 0.000000000000000000e+00
6.699999999999997513e+00 1.251930612728682779e-01 0.000000000000000000e+00
6.749999999999997335e+00 1.186004262126878206e-01 0.000000000000000000e+00
6.799999999999997158e+00 1.123551971640552039e-01 0.000000000000000000e+00
6.849999999999996980e+00 1.064390888293485771e-01 0.000000000000000000e+00
6.899999999999996803e+00 1.008347802026991757e-01 0.000000000000000000e+00
6.949999999999996625e+00 9.552586387340555873e-02 0.000000000000000000e+00
6.999999999999996447e+00 9.049679800732815527e-02 0.000000000000000000e+00
7.049999999999996270e+00 8.573286086578980891e-02 0.000000000000000000e+00
7.099999999999996092e+00 8.122010772894677766e-02 0.000000000000000000e+00
7.149999999999995914e+00 7.694533009764323306e-02 0.000000000000000000e+00
7.199999999999995737e+00 7.289601705443789215e-02 0.000000000000000000e+00
7.249999999999995559e+00 6.906031867082142173e-02 0.000000000000000000e+00
7.299999999999995381e+00 6.542701135363485077e-02 0.000000000000000000e+00
7.349999999999995204e+00 6.198546502937930108e-02 0.000000000000000000e+00
7.399999999999995026e+00 5.872561207048548892e-02 0.000000000000000000e+00
7.449999999999994849e+00 5.563791787270346706e-02 0.000000000000000000e+00
7.499999999999994671e+00 5.271335299759791898e-02 0.000000000000000000e+00
7.549999999999994493e+00 4.994336679869447460e-02 0.000000000000000000e+00
7.599999999999994316e+00 4.731986245414139536e-02 0.000000000000000000e+00
7.649999999999994138e+00 4.483517333283040807e-02 0.000000000000000000e+00
7.699999999999993960e+00 4.248204062477373144e-02 0.000000000000000000e+00
7.749999999999993783e+00 4.025359217016911961e-02 0.000000000000000000e+00
7.799999999999993605e+00 3.814332242500841075e-02 0.000000000000000000e+00
7.849999999999993427e+00 3.614507350430071903e-02 0.000000000000000000e+00
7.899999999999993250e+00 3.425301724699827965e-02 0.000000000000000000e+00
7.949999999999993072e+00 3.246163824952592175e-02 0.000000000000000000e+00
7.999999999999992895e+00 3.076571781743278958e-02 0.000000000000000000e+00
8.049999999999993605e+00 2.916031878709821404e-02 0.000000000000000000e+00
8.099999999999992539e+00 2.764077117163385097e-02 0.000000000000000000e+00
8.149999999999991473e+00 2.620265858711990151e-02 0.000000000000000000e+00
8.199999999999992184e+00 2.484180541708832374e-02 0.000000000000000000e+00
8.249999999999992895e+00 2.355426467470182403e-02 0.000000000000000000e+00
8.299999999999991829e+00 2.233630652335918260e-02 0.000000000000000000e+00
8.349999999999990763e+00 2.118440741746027700e-02 0.000000000000000000e+00
8.399999999999991473e+00 2.009523982575876430e-02 0.000000000000000000e+00
8.449999999999992184e+00 1.906566250008130334e-02 0.000000000000000000e+00
8.499999999999991118e+00 1.809271125215622736e-02 0.000000000000000000e+00
8.549999999999990052e+00 1.717359020082143140e-02 0.000000000000000000e+00
8.599999999999990763e+00 1.630566345090923852e-02 0.000000000000000000e+00
8.649999999999991473e+00 1.548644716356474896e-02 0.000000000000000000e+00
8.699999999999990408e+00 1.471360197556329831e-02 0.000000000000000000e+00
8.749999999999989342e+00 1.398492572226036311e-02 0.000000000000000000e+00
8.799999999999990052e+00 1.329834641502983077e-02 0.000000000000000000e+00
8.849999999999990763e+00 1.265191541931219056e-02 0.000000000000000000e+00
8.899999999999989697e+00 1.204380077358442429e-02 0.000000000000000000e+00
8.949999999999988631e+00 1.147228058255504030e-02 0.000000000000000000e+00
9.000000000000000000e+00 1.135240599007048164e-02 0.000000000000000000e+00
9.050000000000000711e+00 1.082339581825842410e-02 0.000000000000000000e+00
9.100000000000001421e+00 1.075016412829499744e-02 0.000000000000000000e+00
9.150000000000002132e+00 1.024543224291667338e-02 0.000000000000000000e+00
9.200000000000002842e+00 9.820619461807919212e-03 0.000000000000000000e+00
9.250000000000003553e+00 9.278635497281379624e-03 0.000000000000000000e+00
9.300000000000004263e+00 8.851028672323589530e-03 0.000000000000000000e+00
9.350000000000004974e+00 9.179104575807586069e-03 0.000000000000000000e+00
9.400000000000005684e+00 8.521657936129295799e-03 0.000000000000000000e+00
9.450000000000006395e+00 8.405127654762761455e-03 0.000000000000000000e+00
9.500000000000007105e+00 7.733798237726465311e-03 0.000000000000000000e+00
9.550000000000007816e+00 7.605663822184405981e-03 0.000000000000000000e+00
9.600000000000008527e+00 7.371717721342078804e-03 0.000000000000000000e+00
9.650000000000009237e+00 6.878198887555278702e-03 0.000000000000000000e+00
9.700000000000009948e+00 6.672799856369602926e-03 0.000000000000000000e+00
9.750000000000010658e+00 6.691098585743145317e-03 0.000000000000000000e+00
9.800000000000011369e+00 6.351637464609074558e-03 0.000000000000000000e+00
9.850000000000012079e+00 6.497841315054077305e-03 0.000000000000000000e+00
9.900000000000012790e+00 6.100320382389590700e-03 0.000000000000000000e+00
9.950000000000013500e+00 6.120207071166412077e-03 0.000000000000000000e+00
1.000000000000001421e+01 5.929474284704548681e-03 0.000000000000000000e+00
1.005000000000001492e+01 5.825201208940927397e-03 0.000000000000000000e+00
1.010000000000001563e+01 5.821740408458501992e-03 0.000000000000000000e+00
1.015000000000001634e+01 5.901056529340293830e-03 0.000000000000000000e+00
1.020000000000001705e+01 5.936125263629720046e-03 0.000000000000000000e+00
1.025000000000001776e+01 5.624298489154752959e-03 0.000000000000000000e+00
1.030000000000001847e+01 5.792399063309456794e-03 0.000000000000000000e+00
1.035000000000001918e+01 5.617466764104383711e-03 0.000000000000000000e+00
1.040000000000001990e+01 5.393249880607204477e-03 0.000000000000000000e+00
1.045000000000002061e+01 5.136745072163425262e-03 0.000000000000000000e+00
1.050000000000002132e+01 4.973891456234271098e-03 0.000000000000000000e+00
1.055000000000002203e+01 4.680770671480503041e-03 0.000000000000000000e+00
1.060000000000002274e+01 4.468333160996633240e-03 0.000000000000000000e+00
1.065000000000002345e+01 4.152090018051181851e-03 0.000000000000000000e+00
1.070000000000002416e+01 3.866714743043988146e-03 0.000000000000000000e+00
1.075000000000002487e+01 3.531756982345948554e-03 0.000000000000000000e+00
1.080000000000002558e+01 3.268782441805501929e-03 0.000000000000000000e+00
1.085000000000002629e+01 2.869895783110103151e-03 0.000000000000000000e+00
1.090000000000002700e+01 2.539900620852882877e-03 0.000000000000000000e+00
1.095000000000002771e+01 2.228539215743037885e-03 0.000000000000000000e+00
1.100000000000002842e+01 1.907826413980287170e-03 0.000000000000000000e+00
1.105000000000002913e+01 1.632615409524544288e-03 0.000000000000000000e+00
1.110000000000002984e+01 1.381889954589721583e-03 0.000000000000000000e+00
1.115000000000003055e+01 1.125205844378751163e-03 0.000000000000000000e+00
1.120000000000003126e+01 9.332187290467686830e-04 0.000000000000000000e+00
1.125000000000003197e+01 7.588410489180819410e-04 0.000000000000000000e+00
1.130000000000003268e+01 6.285542311223904586e-04 0.000000000000000000e+00
1.135000000000003340e+01 5.040670632545944576e-04 0.000000000000000000e+00
1.140000000000003411e+01 4.141013710507101208e-04 0.000000000000000000e+00
1.145000000000003482e+01 3.227242186894486390e-04 0.000000000000000000e+00
1.150000000000003553e+01 2.551570148179220054e-04 0.000000000000000000e+00
1.155000000000003624e+01 1.850628398353352795e-04 0.000000000000000000e+00
1.160000000000003695e+01 1.421253273891874547e-04 0.000000000000000000e+00
1.165000000000003766e+01 1.061691285662613488e-04 0.000000000000000000e+00
1.170000000000003837e+01 7.633248132891079735e-05 0.000000000000000000e+00
1.175000000000003908e+01 5.204388435146508756e-05 0.000000000000000000e+00
1.180000000000003979e+01 3.807640773456984109e-05 0.000000000000000000e+00
1.185000000000004050e+01 2.609214751047314604e-05 0.000000000000000000e+00
1.190000000000004121e+01 1.706378001439913265e-05 0.000000000000000000e+00
1.195000000000004192e+01 1.213194328920570752e-05 0.000000000000000000e+00
1.200000000000004263e+01 5.848282491733060103e-06 0.000000000000000000e+00
1.205000000000004334e+01 3.886759270950816986e-06 0.000000000000000000e+00
1.210000000000004405e+01 2.176619623016691817e-06 0.000000000000000000e+00
1.215000000000004476e+01 1.202334749325555699e-06 0.000000000000000000e+00
1.220000000000004547e+01 4.500725041062901778e-07 0.000000000000000000e+00
1.225000000000004619e+01 3.135310117904389078e-07 0.000000000000000000e+00
1.230000000000004690e+01 3.175337053120554660e-07 0.000000000000000000e+00
1.235000000000004761e+01 1.124768988884161804e-07 0.000000000000000000e+00
1.240000000000004832e+01 0.000000000000000000e+00 0.000000000000000000e+00
