9.922456938404030424e+00 6.025000000000000355e+00
9.947804278319823723e+00 6.075000000000000178e+00
9.972090998628653225e+00 6.125000000000000000e+00
9.997386246537413257e+00 6.174999999999999822e+00
1.002166286237662618e+01 6.224999999999999645e+00
1.004689687684275157e+01 6.274999999999999467e+00
1.007116137330774919e+01 6.324999999999999289e+00
1.009632381555091918e+01 6.374999999999999112e+00
1.012057423175758331e+01 6.424999999999998934e+00
1.014565344485064280e+01 6.474999999999998757e+00
1.016988787991583365e+01 6.524999999999998579e+00
1.019487075656642716e+01 6.574999999999998401e+00
1.021908737704957915e+01 6.624999999999998224e+00
1.024395921524704001e+01 6.674999999999998046e+00
1.026815626448998664e+01 6.724999999999997868e+00
1.029290061038451576e+01 6.774999999999997691e+00
1.031707642031910055e+01 6.824999999999997513e+00
1.034167489784579885e+01 6.874999999999997335e+00
1.036582790401116405e+01 6.924999999999997158e+00
1.039026003099879070e+01 6.974999999999996980e+00
1.041438879173465537e+01 7.024999999999996803e+00
1.043863178257717550e+01 7.074999999999996625e+00
1.046273500365110820e+01 7.124999999999996447e+00
1.048676355910680869e+01 7.174999999999996270e+00
1.051084012541258517e+01 7.224999999999996092e+00
1.053462621078069184e+01 7.274999999999995914e+00
1.055867522723644569e+01 7.324999999999995737e+00
1.058218784110916744e+01 7.374999999999995559e+00
1.060620868552127938e+01 7.424999999999995381e+00
1.062941362260408518e+01 7.474999999999995204e+00
1.065340601408671262e+01 7.524999999999995026e+00
1.067626562732977469e+01 7.574999999999994849e+00
1.070022971493368225e+01 7.624999999999994671e+00
1.072293522623229833e+01 7.674999999999994493e+00
1.074663916213584614e+01 7.724999999999994316e+00
1.076931967986178051e+01 7.774999999999994138e+00
1.079259053734767804e+01 7.824999999999993960e+00
1.081524773634754588e+01 7.874999999999993783e+00
1.083803684177673610e+01 7.924999999999993605e+00
1.086067334658671157e+01 7.974999999999993427e+00
1.088292801772131924e+01 8.024999999999993250e+00
1.090554767197725994e+01 8.074999999999993960e+00
1.092721122341262507e+01 8.124999999999992895e+00
1.094981943823301762e+01 8.174999999999991829e+00
1.097125240067187946e+01 8.224999999999992539e+00
1.099343552228281773e+01 8.274999999999993250e+00
1.101486949038656071e+01 8.324999999999992184e+00
1.103634185271214641e+01 8.374999999999991118e+00
1.105778777428970372e+01 8.424999999999991829e+00
1.107848472702695020e+01 8.474999999999992539e+00
1.109995714025587610e+01 8.524999999999991473e+00
1.112033619674805074e+01 8.574999999999990408e+00
1.114133073132788887e+01 8.624999999999991118e+00
1.116176441161562671e+01 8.674999999999991829e+00
1.118186780030817395e+01 8.724999999999990763e+00
1.120238317941831951e+01 8.774999999999989697e+00
1.122188685142391407e+01 8.824999999999990408e+00
1.124216976988829408e+01 8.874999999999991118e+00
1.126180454648409501e+01 8.924999999999990052e+00
1.128111862976244417e+01 8.974999999999988987e+00
1.130130171273242112e+01 9.025000000000000355e+00
1.132091100928942495e+01 9.075000000000001066e+00
1.134166907477605513e+01 9.125000000000001776e+00
1.136231743379280346e+01 9.175000000000002487e+00
1.138284264314503069e+01 9.225000000000003197e+00
1.140373306525481389e+01 9.275000000000003908e+00
1.142356296636995694e+01 9.325000000000004619e+00
1.144533509591814457e+01 9.375000000000005329e+00
1.146686775781568635e+01 9.425000000000006040e+00
1.148885666366931524e+01 9.475000000000006750e+00
1.151069198950761141e+01 9.525000000000007461e+00
1.153216893965406165e+01 9.575000000000008171e+00
1.155470653776642820e+01 9.625000000000008882e+00
1.157627847674179655e+01 9.675000000000009592e+00
1.159895833555644096e+01 9.725000000000010303e+00
1.162132505077853750e+01 9.775000000000011013e+00
1.164519247761084131e+01 9.825000000000011724e+00
1.166911273895842882e+01 9.875000000000012434e+00
1.169453804395181074e+01 9.925000000000013145e+00
1.171984264294639111e+01 9.975000000000013856e+00
1.174701768309450856e+01 1.002500000000001457e+01
1.177409275847530701e+01 1.007500000000001528e+01
1.180383322219273801e+01 1.012500000000001599e+01
1.183486721617139459e+01 1.017500000000001670e+01
1.186860686295741019e+01 1.022500000000001741e+01
1.190454397505370032e+01 1.027500000000001812e+01
1.194251522574841573e+01 1.032500000000001883e+01
1.198363703580146833e+01 1.037500000000001954e+01
1.202705628387832881e+01 1.042500000000002025e+01
1.207303428695684389e+01 1.047500000000002096e+01
1.212193477086763771e+01 1.052500000000002167e+01
1.217378670033036947e+01 1.057500000000002238e+01
1.222911804995206175e+01 1.062500000000002309e+01
1.228819371613906419e+01 1.067500000000002380e+01
1.235058568934217504e+01 1.072500000000002451e+01
1.241620771181445093e+01 1.077500000000002522e+01
1.248640292577445265e+01 1.082500000000002593e+01
1.256047437050702698e+01 1.087500000000002665e+01
1.263717271614006421e+01 1.092500000000002736e+01
1.271735296322210296e+01 1.097500000000002807e+01
1.280103268951163287e+01 1.102500000000002878e+01
1.288684544353195882e+01 1.107500000000002949e+01
1.297533773908036991e+01 1.112500000000003020e+01
1.306625685311266594e+01 1.117500000000003091e+01
1.315786341164806039e+01 1.122500000000003162e+01
1.325076762613290349e+01 1.127500000000003233e+01
1.334549041673827041e+01 1.132500000000003304e+01
1.344257967226995731e+01 1.137500000000003375e+01
1.354253087686528190e+01 1.142500000000003446e+01
1.364570087624970540e+01 1.147500000000003517e+01
1.375110865004739225e+01 1.152500000000003588e+01
1.385687681451302034e+01 1.157500000000003659e+01
1.396135123843047943e+01 1.162500000000003730e+01
1.406794601891098750e+01 1.167500000000003801e+01
1.417522573308571587e+01 1.172500000000003872e+01
1.428109486813542262e+01 1.177500000000003944e+01
1.438585213753239600e+01 1.182500000000004015e+01
1.449389249590187845e+01 1.187500000000004086e+01
1.460259926918198659e+01 1.192500000000004157e+01
1.471758676603314342e+01 1.197500000000004228e+01
1.483783711048665666e+01 1.202500000000004299e+01
1.495428107947855167e+01 1.207500000000004370e+01
1.510303823618056995e+01 1.212500000000004441e+01
