# First column: galaxy stellar mass [log(M/Msun]
# Second column: stellar mass function [dex^-1 Mpc^-3]
# Third column: 1sigma error on SMF [dex^-1 Mpc^-3]

9.000000000000000000e+00 4.465471119902029648e-03 2.393743780801565536e-04
9.050000000000000711e+00 4.479269376691614665e-03 2.250917554153816595e-04
9.100000000000001421e+00 4.303235984231323051e-03 2.102268347355294937e-04
9.150000000000002132e+00 4.334645080780157554e-03 2.016659402673670468e-04
9.200000000000002842e+00 4.336497356757717039e-03 1.943230930907770466e-04
9.250000000000003553e+00 4.003200539045568759e-03 1.691660984052926759e-04
9.300000000000004263e+00 3.798965269377458341e-03 1.589817484922514295e-04
9.350000000000004974e+00 4.010117995219732688e-03 1.515682134768045215e-04
9.400000000000005684e+00 3.746431579883168113e-03 1.396212614278449587e-04
9.450000000000006395e+00 3.604467082860168033e-03 1.313540826233026255e-04
9.500000000000007105e+00 3.246805068558381371e-03 1.127662010871134023e-04
9.550000000000007816e+00 3.458571470714157017e-03 1.104236887988665052e-04
9.600000000000008527e+00 3.147379719015608833e-03 9.947915858448991462e-05
9.650000000000009237e+00 2.730109208519613997e-03 8.531591276623793740e-05
9.700000000000009948e+00 2.823974395891745530e-03 8.248917287859459393e-05
9.750000000000010658e+00 2.666602255581283255e-03 7.521260023603136742e-05
9.800000000000011369e+00 2.510957105285707962e-03 6.911181971765351963e-05
9.850000000000012079e+00 2.515555728573985912e-03 6.558848607918942768e-05
9.900000000000012790e+00 2.301147524130225681e-03 5.848695125904538613e-05
9.950000000000013500e+00 2.248984332659154876e-03 5.491865578162008602e-05
1.000000000000001421e+01 2.154489402191073297e-03 5.024044732205300187e-05
1.005000000000001492e+01 2.087292993757031232e-03 4.720739485283424367e-05
1.010000000000001563e+01 2.034185446132650774e-03 4.329034114487044380e-05
1.015000000000001634e+01 1.974671698618455078e-03 4.074303654040082467e-05
1.020000000000001705e+01 1.970149744837125603e-03 3.833672734851914201e-05
1.025000000000001776e+01 1.904541644141413215e-03 3.555700715539813263e-05
1.030000000000001847e+01 1.946177204564776249e-03 3.380186127287339770e-05
1.035000000000001918e+01 1.765709848450941304e-03 3.018417685014097114e-05
1.040000000000001990e+01 1.656102971146197105e-03 2.766325855021178418e-05
1.045000000000002061e+01 1.533788662762342958e-03 2.515083650779348205e-05
1.050000000000002132e+01 1.432534083503607955e-03 2.288615041140105416e-05
1.055000000000002203e+01 1.373285699994275348e-03 2.108758089168647759e-05
1.060000000000002274e+01 1.241903463494128425e-03 1.887530792852905795e-05
1.065000000000002345e+01 1.118312312094553321e-03 1.681910372255066564e-05
1.070000000000002416e+01 1.005821439743311918e-03 1.497394877737450643e-05
1.075000000000002487e+01 8.949863541230293615e-04 1.322752282164110873e-05
1.080000000000002558e+01 8.038629232236867584e-04 1.189245232347317380e-05
1.085000000000002629e+01 6.854158693430432818e-04 1.027481828426515786e-05
1.090000000000002700e+01 5.989740582154331810e-04 9.088937116018175512e-06
1.095000000000002771e+01 5.104459378323096368e-04 7.913177256761362739e-06
1.100000000000002842e+01 4.196163128167839122e-04 6.760095928218864343e-06
1.105000000000002913e+01 3.335732046475223841e-04 5.703147714149263879e-06
1.110000000000002984e+01 2.664806062803309352e-04 4.838707865667812620e-06
1.115000000000003055e+01 2.097040458859251424e-04 4.091445524411367356e-06
1.120000000000003126e+01 1.612428397383639130e-04 3.438490457871446757e-06
1.125000000000003197e+01 1.204980142850645700e-04 2.868187476996146545e-06
1.130000000000003268e+01 9.338697235816791791e-05 2.466105887227671717e-06
1.135000000000003340e+01 7.030356460474989657e-05 2.120696401348330281e-06
1.140000000000003411e+01 5.318980505724000364e-05 1.846245086142425910e-06
1.145000000000003482e+01 4.017594736108340091e-05 1.608325069575161744e-06
1.150000000000003553e+01 2.652459616864104362e-05 1.309956433747253303e-06
1.155000000000003624e+01 1.680053731339363279e-05 1.045955766363416810e-06
1.160000000000003695e+01 1.208074467786785511e-05 8.906043135563496322e-07
1.165000000000003766e+01 8.532923541243101658e-06 7.512820265494740104e-07
1.170000000000003837e+01 4.403599272938457844e-06 5.420456001815003011e-07
1.175000000000003908e+01 2.426883159226680001e-06 4.044805265377799825e-07
1.180000000000003979e+01 9.568702428483561673e-07 2.557343294526948077e-07
1.185000000000004050e+01 7.741901881278452434e-07 2.334271245813383948e-07
1.190000000000004121e+01 4.239322965642111102e-07 1.730696353447585826e-07
1.195000000000004192e+01 2.190873245163935493e-07 1.264901257855747180e-07
1.200000000000004263e+01 0.000000000000000000e+00 nan
1.205000000000004334e+01 0.000000000000000000e+00 nan
1.210000000000004405e+01 0.000000000000000000e+00 nan
1.215000000000004476e+01 0.000000000000000000e+00 nan
1.220000000000004547e+01 0.000000000000000000e+00 nan
1.225000000000004619e+01 0.000000000000000000e+00 nan
1.230000000000004690e+01 0.000000000000000000e+00 nan
1.235000000000004761e+01 0.000000000000000000e+00 nan
1.240000000000004832e+01 0.000000000000000000e+00 nan
