# First column: galaxy stellar mass [log(M/Msun]
# Second column: stellar mass function [dex^-1 Mpc^-3]
# Third column: 1sigma error on SMF [dex^-1 Mpc^-3]

9.000000000000000000e+00 1.135240599007048337e-02 3.433822430380478437e-04
9.050000000000000711e+00 1.082339581825842757e-02 3.152148277753500229e-04
9.100000000000001421e+00 1.075016412829499744e-02 2.930168295443054275e-04
9.150000000000002132e+00 1.024543224291667338e-02 2.722692899945752874e-04
9.200000000000002842e+00 9.820619461807919212e-03 2.509870346911251770e-04
9.250000000000003553e+00 9.278635497281374420e-03 2.263755264664935691e-04
9.300000000000004263e+00 8.851028672323587795e-03 2.081586844679090902e-04
9.350000000000004974e+00 9.179104575807586069e-03 2.024857218403381775e-04
9.400000000000005684e+00 8.521657936129299268e-03 1.836547149780583124e-04
9.450000000000006395e+00 8.405127654762763190e-03 1.725422450733704539e-04
9.500000000000007105e+00 7.733798237726463576e-03 1.554866082995365914e-04
9.550000000000007816e+00 7.605663822184408583e-03 1.446403811066787105e-04
9.600000000000008527e+00 7.371717721342077936e-03 1.346783516342356726e-04
9.650000000000009237e+00 6.878198887555276968e-03 1.222996273168829040e-04
9.700000000000009948e+00 6.672799856369605528e-03 1.135888281673400686e-04
9.750000000000010658e+00 6.691098585743142715e-03 1.073223462311040762e-04
9.800000000000011369e+00 6.351637464609072824e-03 9.932924774469214927e-05
9.850000000000012079e+00 6.497841315054079907e-03 9.589930389647869887e-05
9.900000000000012790e+00 6.100320382389590700e-03 8.785855952382151950e-05
9.950000000000013500e+00 6.120207071166408608e-03 8.323923795362900323e-05
1.000000000000001421e+01 5.929474284704549548e-03 7.737900955282014275e-05
1.005000000000001492e+01 5.825201208940925662e-03 7.270150761467430089e-05
1.010000000000001563e+01 5.821740408458501125e-03 6.885897669471685372e-05
1.015000000000001634e+01 5.901056529340296432e-03 6.561997391939335719e-05
1.020000000000001705e+01 5.936125263629722648e-03 6.238537812456167067e-05
1.025000000000001776e+01 5.624298489154753826e-03 5.736094562971663413e-05
1.030000000000001847e+01 5.792399063309459396e-03 5.486299017311645047e-05
1.035000000000001918e+01 5.617466764104383711e-03 5.098787882364816328e-05
1.040000000000001990e+01 5.393249880607203610e-03 4.722932588464087841e-05
1.045000000000002061e+01 5.136745072163422660e-03 4.321019225177070430e-05
1.050000000000002132e+01 4.973891456234271966e-03 4.030118703094190765e-05
1.055000000000002203e+01 4.680770671480502174e-03 3.662893331237884037e-05
1.060000000000002274e+01 4.468333160996631505e-03 3.366794048854511006e-05
1.065000000000002345e+01 4.152090018051180116e-03 3.053915618483072763e-05
1.070000000000002416e+01 3.866714743043988579e-03 2.770148645618586425e-05
1.075000000000002487e+01 3.531756982345948554e-03 2.484566573723525376e-05
1.080000000000002558e+01 3.268782441805500628e-03 2.258418216081825859e-05
1.085000000000002629e+01 2.869895783110103585e-03 1.982068651494777801e-05
1.090000000000002700e+01 2.539900620852883744e-03 1.765225055509630326e-05
1.095000000000002771e+01 2.228539215743038319e-03 1.560901778555015510e-05
1.100000000000002842e+01 1.907826413980287386e-03 1.369739539143569537e-05
1.105000000000002913e+01 1.632615409524543638e-03 1.203122425557440237e-05
1.110000000000002984e+01 1.381889954589721366e-03 1.059767708819744178e-05
1.115000000000003055e+01 1.125205844378751379e-03 9.212173786316713307e-06
1.120000000000003126e+01 9.332187290467688998e-04 8.121396020978895899e-06
1.125000000000003197e+01 7.588410489180820494e-04 7.134473384061168544e-06
1.130000000000003268e+01 6.285542311223904586e-04 6.387601118522535977e-06
1.135000000000003340e+01 5.040670632545942408e-04 5.685609756442897921e-06
1.140000000000003411e+01 4.141013710507100666e-04 5.159365653238618416e-06
1.145000000000003482e+01 3.227242186894485306e-04 4.564466139207322510e-06
1.150000000000003553e+01 2.551570148179219512e-04 4.070675638694107692e-06
1.155000000000003624e+01 1.850628398353352253e-04 3.476929901766763927e-06
1.160000000000003695e+01 1.421253273891874547e-04 3.058050144736666232e-06
1.165000000000003766e+01 1.061691285662613081e-04 2.655888663624010775e-06
1.170000000000003837e+01 7.633248132891086511e-05 2.263753567906194440e-06
1.175000000000003908e+01 5.204388435146504690e-05 1.880421977248150608e-06
1.180000000000003979e+01 3.807640773456986820e-05 1.620639537594276569e-06
1.185000000000004050e+01 2.609214751047314604e-05 1.354636802666400212e-06
1.190000000000004121e+01 1.706378001439911909e-05 1.103764172669816474e-06
1.195000000000004192e+01 1.213194328920570582e-05 9.416214161756425372e-07
1.200000000000004263e+01 5.848282491733056715e-06 6.621875954579270680e-07
1.205000000000004334e+01 3.886759270950815292e-06 5.496707674658006240e-07
1.210000000000004405e+01 2.176619623016693511e-06 4.188906417573699140e-07
1.215000000000004476e+01 1.202334749325554429e-06 3.213374782992111602e-07
1.220000000000004547e+01 4.500725041062898072e-07 2.012785427970434366e-07
1.225000000000004619e+01 3.135310117904392254e-07 1.810172140565058269e-07
1.230000000000004690e+01 3.175337053120555718e-07 1.833281702386945927e-07
1.235000000000004761e+01 1.124768988884162598e-07 1.124768988884162598e-07
1.240000000000004832e+01 0.000000000000000000e+00 nan
