# First column: galaxy stellar mass [log(M/Msun]
# Second column: stellar mass function [dex^-1 Mpc^-3]
# Third column: 1sigma error on SMF [dex^-1 Mpc^-3]

9.000000000000000000e+00 6.886934870168515306e-03 2.523177710583815350e-04
9.050000000000000711e+00 6.344126441566689742e-03 2.267205826866514496e-04
9.100000000000001421e+00 6.446928144063627554e-03 2.117449018189093278e-04
9.150000000000002132e+00 5.910787162136639863e-03 1.913688001995377365e-04
9.200000000000002842e+00 5.484122105050062528e-03 1.706306146148797807e-04
9.250000000000003553e+00 5.275434958236038113e-03 1.576337697191626075e-04
9.300000000000004263e+00 5.052063402946021901e-03 1.436428265622276300e-04
9.350000000000004974e+00 5.168986580587930577e-03 1.404221948959928363e-04
9.400000000000005684e+00 4.775226356246454681e-03 1.261452401020834307e-04
9.450000000000006395e+00 4.800660571902596457e-03 1.192733708408580162e-04
9.500000000000007105e+00 4.486993169168082204e-03 1.106298840562463002e-04
9.550000000000007816e+00 4.147092351470498331e-03 9.818525711651671279e-05
9.600000000000008527e+00 4.224338002326345071e-03 9.457736501871882276e-05
9.650000000000009237e+00 4.148089679035847285e-03 8.968973579786718945e-05
9.700000000000009948e+00 3.848825460477705174e-03 8.062246162613696235e-05
9.750000000000010658e+00 4.024496330161735427e-03 7.847542230219414652e-05
9.800000000000011369e+00 3.840680359323580834e-03 7.298719721927161884e-05
9.850000000000012079e+00 3.982285586480048024e-03 7.129434852878021656e-05
9.900000000000012790e+00 3.799172858259303003e-03 6.640733490985897673e-05
9.950000000000013500e+00 3.871222738507269778e-03 6.339455656331970622e-05
1.000000000000001421e+01 3.774984882513198695e-03 5.944305286904486241e-05
1.005000000000001492e+01 3.737908215183894864e-03 5.593941256368997869e-05
1.010000000000001563e+01 3.787554962325819560e-03 5.388842234921370413e-05
1.015000000000001634e+01 3.926384830721687397e-03 5.183374540380529310e-05
1.020000000000001705e+01 3.965975518792843810e-03 4.952442126073450902e-05
1.025000000000001776e+01 3.719756845013279245e-03 4.529221650145856526e-05
1.030000000000001847e+01 3.846221858744652573e-03 4.346082762242095451e-05
1.035000000000001918e+01 3.851756915653319242e-03 4.125724843109388802e-05
1.040000000000001990e+01 3.737146909460882689e-03 3.843142064698545668e-05
1.045000000000002061e+01 3.602956409401017468e-03 3.530783379978356354e-05
1.050000000000002132e+01 3.541357372730726677e-03 3.329366981622122724e-05
1.055000000000002203e+01 3.307484971486226825e-03 3.008172181427415921e-05
1.060000000000002274e+01 3.226429697502533871e-03 2.799248325488525499e-05
1.065000000000002345e+01 3.033777705956657803e-03 2.558169558718590127e-05
1.070000000000002416e+01 2.860893303300676878e-03 2.338092839848803745e-05
1.075000000000002487e+01 2.636770628222981101e-03 2.109214027750046214e-05
1.080000000000002558e+01 2.464919518582092076e-03 1.925953489987866250e-05
1.085000000000002629e+01 2.184479913766720731e-03 1.699842826103223350e-05
1.090000000000002700e+01 1.940926562637234698e-03 1.517460705788770496e-05
1.095000000000002771e+01 1.718093277911192070e-03 1.348904347989751929e-05
1.100000000000002842e+01 1.488210101163070986e-03 1.193550911234519931e-05
1.105000000000002913e+01 1.299042204877453796e-03 1.060911093572187298e-05
1.110000000000002984e+01 1.115409348309359368e-03 9.437046108189607894e-06
1.115000000000003055e+01 9.155017984928263183e-04 8.257487520425549959e-06
1.120000000000003126e+01 7.719758893082505694e-04 7.358829031415851379e-06
1.125000000000003197e+01 6.383430346325848692e-04 6.532778280935383921e-06
1.130000000000003268e+01 5.351672587642225271e-04 5.892354725043939509e-06
1.135000000000003340e+01 4.337634986499678213e-04 5.275304527556855691e-06
1.140000000000003411e+01 3.609115659936862732e-04 4.817724581951903850e-06
1.145000000000003482e+01 2.825482713282724372e-04 4.271728338890345338e-06
1.150000000000003553e+01 2.286324186490955768e-04 3.854146133023721614e-06
1.155000000000003624e+01 1.682623025219725024e-04 3.315875461724741840e-06
1.160000000000003695e+01 1.300445827112887032e-04 2.925491194833646243e-06
1.165000000000003766e+01 9.763620502507998735e-05 2.547416707173369958e-06
1.170000000000003837e+01 7.192888205600329009e-05 2.197903269121923253e-06
1.175000000000003908e+01 4.961700119223836139e-05 1.836407603645450598e-06
1.180000000000003979e+01 3.711953749181418061e-05 1.600336897388057202e-06
1.185000000000004050e+01 2.531795732215997200e-05 1.334373514016048672e-06
1.190000000000004121e+01 1.663984771780401860e-05 1.090112669043455178e-06
1.195000000000004192e+01 1.191285596472020060e-05 9.330868923568466176e-07
1.200000000000004263e+01 5.848282491733056715e-06 6.621875954579270680e-07
1.205000000000004334e+01 3.886759270950815292e-06 5.496707674658006240e-07
1.210000000000004405e+01 2.176619622954917281e-06 4.188906417454810654e-07
1.215000000000004476e+01 1.202334749387330659e-06 3.213374783157215264e-07
1.220000000000004547e+01 4.500725041680659318e-07 2.012785428246705544e-07
1.225000000000004619e+01 3.135310117904392254e-07 1.810172140565058269e-07
1.230000000000004690e+01 3.175337053738318023e-07 1.833281702743611120e-07
1.235000000000004761e+01 1.124768988884162598e-07 1.124768988884162598e-07
1.240000000000004832e+01 0.000000000000000000e+00 nan
