129 17
0. 0.1 0.2 0.3 0.4 0.5 0.6 0.7 0.8 0.9 1. 1.1 1.2 1.3 1.4 1.5 -inf
9.910052365665594110e+00 9.928380136589536775e+00 9.931200472851056560e+00 9.932014325676947308e+00 9.934378381617705145e+00 9.938309232228814238e+00 9.942944748002238597e+00 9.947447629505420608e+00 9.951557779760410227e+00 9.955655226734235086e+00 9.958099410457991851e+00 9.958832258052012776e+00 9.957826754551618365e+00 9.955035856848919451e+00 9.950847515104619845e+00 9.946369517321992149e+00 6.025000000000000355e+00
9.934646617763421617e+00 9.953726350249734622e+00 9.956447430521338404e+00 9.957225323622083124e+00 9.959438562056483590e+00 9.963084748021712400e+00 9.967333257388807155e+00 9.971398619279383979e+00 9.975136554628893037e+00 9.979527284264797515e+00 9.982069724621419837e+00 9.982738032659185023e+00 9.981511764746780813e+00 9.978323449481685259e+00 9.973817828204438740e+00 9.969588678103082913e+00 6.075000000000000178e+00
9.959590202049353636e+00 9.978044589620145288e+00 9.980964128764867382e+00 9.981790756261792907e+00 9.984096219133398620e+00 9.987873419631728922e+00 9.992259955585332420e+00 9.996457298953165704e+00 1.000031133747386214e+01 1.000435462703980960e+01 1.000667406668943471e+01 1.000719334775292779e+01 1.000589069710223633e+01 1.000274002398201745e+01 9.998309904608948528e+00 9.993667469804723424e+00 6.125000000000000000e+00
9.984177097797283906e+00 1.000334229559507015e+01 1.000615366044853261e+01 1.000694319996819459e+01 1.000910873932383716e+01 1.001264403126267588e+01 1.001673132102818897e+01 1.002061957879917742e+01 1.002416014586165538e+01 1.002822772745577673e+01 1.003057721485810916e+01 1.003099727047050216e+01 1.002946944874973134e+01 1.002598394938661741e+01 1.002166062553451553e+01 1.001712173818562057e+01 6.174999999999999822e+00
1.000916875332644551e+01 1.002756469877663470e+01 1.003057185346838054e+01 1.003140930924064911e+01 1.003367158527566971e+01 1.003737258977637836e+01 1.004168819967139825e+01 1.004586114353831938e+01 1.004963181009413020e+01 1.005324833045210298e+01 1.005529363900996032e+01 1.005555096834317297e+01 1.005400410228585173e+01 1.005075024956243013e+01 1.004632526455378816e+01 1.004114890866947007e+01 6.224999999999999645e+00
1.003373932925599910e+01 1.005279756970479532e+01 1.005568064084704716e+01 1.005647927212262438e+01 1.005861465990605197e+01 1.006212896476693253e+01 1.006626258401328933e+01 1.007030052764476658e+01 1.007386718149109761e+01 1.007717918515057498e+01 1.007913685865918119e+01 1.007925365205792190e+01 1.007751410767658840e+01 1.007421210842746184e+01 1.007011928816466373e+01 1.006485163469437971e+01 6.274999999999999467e+00
1.005872740946179000e+01 1.007689399572703515e+01 1.007996865664840058e+01 1.008081537788993920e+01 1.008305739773226506e+01 1.008677646164315256e+01 1.009120565052384677e+01 1.009559886692381170e+01 1.009940255178234914e+01 1.010225849587918923e+01 1.010388201678255271e+01 1.010384569086891382e+01 1.010215504324387226e+01 1.009906968852440556e+01 1.009471482523027142e+01 1.008871817425224471e+01 6.324999999999999289e+00
1.008322854421287751e+01 1.010210169187379670e+01 1.010503297738967454e+01 1.010583794736202812e+01 1.010795571197476939e+01 1.011150284724716286e+01 1.011578152030084787e+01 1.012008255789061550e+01 1.012371967942473283e+01 1.012613127011279168e+01 1.012758846845578731e+01 1.012739038578904704e+01 1.012555668975202927e+01 1.012270966031286790e+01 1.011855289610677389e+01 1.011243096890983217e+01 6.374999999999999112e+00
1.010816665960124894e+01 1.012609536944228950e+01 1.012920885586449238e+01 1.013006097436042552e+01 1.013228704486014919e+01 1.013604420247127713e+01 1.014060973987792558e+01 1.014521420699278842e+01 1.014903117032829449e+01 1.015116963257852412e+01 1.015232420153894033e+01 1.015201374682381719e+01 1.015026832079735897e+01 1.014734495328805508e+01 1.014277421753737762e+01 1.013594857113512226e+01 6.424999999999998934e+00
1.013255121012331728e+01 1.015133613036246985e+01 1.015427308730638423e+01 1.015507964485869152e+01 1.015717393560181492e+01 1.016073210819732786e+01 1.016509080913879792e+01 1.016951606114387374e+01 1.017313639837819039e+01 1.017488928116033087e+01 1.017584519564014123e+01 1.017538044885155557e+01 1.017367844616321015e+01 1.017092454854478589e+01 1.016634015760172005e+01 1.015949556132188114e+01 6.474999999999998757e+00
1.015743575372853869e+01 1.017527649600487116e+01 1.017836356498451522e+01 1.017921358738458792e+01 1.018140632722578509e+01 1.018514707466527014e+01 1.018973657397995858e+01 1.019437658212159548e+01 1.019813934008927525e+01 1.019989028419885635e+01 1.020062510187862870e+01 1.020008909898230520e+01 1.019827526209346757e+01 1.019519569040346774e+01 1.019005569326385974e+01 1.018254996364599840e+01 6.524999999999998579e+00
1.018168650095502414e+01 1.020057853737380604e+01 1.020343891079234666e+01 1.020423746321075420e+01 1.020628970967796256e+01 1.020979876338826742e+01 1.021411197348863276e+01 1.021847242150700019e+01 1.022200791929476260e+01 1.022358645511321562e+01 1.022409994943299516e+01 1.022349644320351203e+01 1.022172191112457362e+01 1.021859730915218201e+01 1.021335715891731688e+01 1.020600432846758210e+01 6.574999999999998401e+00
1.020653387636950882e+01 1.022454804833840925e+01 1.022744504465238613e+01 1.022827904057002435e+01 1.023041480986951157e+01 1.023407208253888356e+01 1.023855921967779992e+01 1.024306785868470193e+01 1.024672741025981715e+01 1.024841489775720582e+01 1.024883990939378364e+01 1.024809436949523089e+01 1.024605611775722558e+01 1.024244104583762294e+01 1.023656296927370768e+01 1.022861332575835824e+01 6.624999999999998224e+00
1.023064654129662365e+01 1.024983544971441063e+01 1.025252756586358771e+01 1.025329696532845070e+01 1.025528224211839401e+01 1.025869208527872622e+01 1.026286472718506992e+01 1.026703900365647470e+01 1.027044962557725327e+01 1.027208731202536462e+01 1.027237692372723288e+01 1.027156386151408540e+01 1.026945689995670818e+01 1.026567330167588032e+01 1.025974308165410598e+01 1.025220804757891102e+01 6.674999999999998046e+00
1.025546833245375744e+01 1.027384079745554679e+01 1.027643755558305116e+01 1.027722547352510496e+01 1.027927424370897924e+01 1.028280697999930382e+01 1.028711662918099812e+01 1.029140147222464918e+01 1.029491035111810326e+01 1.029667576871932333e+01 1.029691275488580793e+01 1.029590614621394806e+01 1.029343122722466752e+01 1.028906940471779130e+01 1.028248998413818960e+01 1.027456021745044445e+01 6.724999999999997868e+00
1.027943465609587825e+01 1.029902542029938850e+01 1.030153856932215817e+01 1.030224168050981248e+01 1.030411462493983343e+01 1.030739481632119237e+01 1.031138602813184058e+01 1.031532667137650172e+01 1.031856106015624341e+01 1.032027520217809347e+01 1.032043922152836224e+01 1.031933172754357209e+01 1.031671344814774471e+01 1.031219998600571586e+01 1.030573723218186899e+01 1.029839789619081003e+01 6.774999999999997691e+00
1.030423716703638171e+01 1.032300818048602586e+01 1.032535462781972768e+01 1.032604935087553422e+01 1.032794824139639367e+01 1.033132922212338123e+01 1.033543864175336502e+01 1.033947085590135728e+01 1.034276785926307873e+01 1.034456219162956891e+01 1.034466832060195607e+01 1.034331411642001086e+01 1.034026255457547627e+01 1.033515398196802693e+01 1.032811110339407357e+01 1.032103381025342159e+01 6.824999999999997513e+00
1.032804643934158584e+01 1.034802613402104221e+01 1.035049266359826881e+01 1.035109701851599873e+01 1.035277904005867455e+01 1.035588385957282043e+01 1.035968424734199367e+01 1.036338680801903678e+01 1.036638827001246810e+01 1.036806032636270380e+01 1.036809480863417399e+01 1.036661549925658754e+01 1.036342276064079826e+01 1.035828514075368112e+01 1.035162595235748384e+01 1.034460383410900519e+01 6.874999999999997335e+00
1.035285258910450779e+01 1.037193598767571245e+01 1.037430707864126944e+01 1.037482582367421280e+01 1.037645373671490923e+01 1.037961660570499056e+01 1.038351848896155083e+01 1.038729977567722962e+01 1.039032815954047173e+01 1.039200868154441615e+01 1.039194255813699819e+01 1.039017334063911235e+01 1.038651925382718311e+01 1.038083212243047981e+01 1.037390264803178042e+01 1.036738985282564585e+01 6.924999999999997158e+00
1.037651053269473245e+01 1.039674684006559957e+01 1.039938271946309634e+01 1.039990233466646430e+01 1.040132810761737048e+01 1.040415736252589340e+01 1.040773824389851221e+01 1.041120523590863733e+01 1.041393406619083883e+01 1.041542022645291077e+01 1.041524276441715813e+01 1.041335149873967580e+01 1.040962283696503476e+01 1.040412252802277848e+01 1.039760261300858346e+01 1.039049099263989717e+01 6.974999999999996980e+00
1.040137165370287242e+01 1.042057153706857342e+01 1.042321367944885324e+01 1.042367783124465141e+01 1.042489289428659305e+01 1.042768559166427167e+01 1.043132880664824924e+01 1.043485432832569515e+01 1.043757973850699017e+01 1.043900479808755044e+01 1.043866868279780213e+01 1.043645873840623217e+01 1.043227960765861262e+01 1.042633941012672416e+01 1.042018972618011929e+01 1.041315731955283574e+01 7.024999999999996803e+00
1.042492398238246487e+01 1.044515435628513167e+01 1.044811708132772310e+01 1.044861680893325406e+01 1.044982835472160687e+01 1.045226882226865506e+01 1.045553618357352477e+01 1.045873800852924873e+01 1.046117078265235278e+01 1.046236025900841859e+01 1.046187637897332046e+01 1.045957980974047707e+01 1.045546564842875448e+01 1.044993109250676433e+01 1.044356721916562059e+01 1.043565621351312878e+01 7.074999999999996625e+00
1.044985865815408665e+01 1.046890849919725319e+01 1.047189898900417582e+01 1.047238568682292126e+01 1.047346314372249232e+01 1.047562407765223824e+01 1.047887285746785402e+01 1.048209101328448689e+01 1.048449059466211075e+01 1.048556324345577728e+01 1.048486991651750877e+01 1.048224815869526338e+01 1.047773837978740907e+01 1.047228091394248217e+01 1.046625793171534902e+01 1.045816583302105229e+01 7.124999999999996447e+00
1.047348939524984246e+01 1.049324412783546734e+01 1.049654672260595234e+01 1.049708398680125399e+01 1.049823855259933580e+01 1.050030027705533975e+01 1.050312618257676434e+01 1.050597356743726785e+01 1.050807547131179476e+01 1.050890436691925878e+01 1.050806657445974857e+01 1.050544554707726697e+01 1.050117718906282072e+01 1.049575925910342455e+01 1.048911350471747284e+01 1.048002490859026459e+01 7.174999999999996270e+00
1.049827106565783907e+01 1.051694308684381518e+01 1.052021746187286233e+01 1.052075377273363799e+01 1.052187654570847819e+01 1.052367779247187585e+01 1.052623483656442005e+01 1.052902385588254042e+01 1.053105219802977111e+01 1.053172486792609064e+01 1.053064996053099023e+01 1.052772622002665770e+01 1.052338243697114883e+01 1.051832369578569448e+01 1.051164879149619225e+01 1.050263088595239225e+01 7.224999999999996092e+00
1.052191281817017199e+01 1.054100142093889225e+01 1.054454862032728002e+01 1.054512536913349230e+01 1.054636225665974969e+01 1.054824514804247748e+01 1.055060269056580147e+01 1.055298787365011393e+01 1.055469303399081404e+01 1.055513822211457686e+01 1.055397784844964804e+01 1.055116066845742395e+01 1.054688343173703480e+01 1.054133968581867542e+01 1.053386289842937096e+01 1.052404728251320876e+01 7.274999999999995914e+00
1.054641312591176039e+01 1.056464577041833230e+01 1.056808909926335893e+01 1.056864561425454063e+01 1.056988083413249235e+01 1.057166546210882174e+01 1.057368843454706209e+01 1.057577498475308886e+01 1.057734450401129145e+01 1.057760590907638054e+01 1.057621449696468119e+01 1.057336211782527258e+01 1.056934239034275436e+01 1.056384985574193003e+01 1.055627565945673041e+01 1.054684417394820173e+01 7.324999999999995737e+00
1.056994300515451535e+01 1.058838371653216726e+01 1.059206219395517934e+01 1.059263859846756795e+01 1.059397013767775420e+01 1.059591931442831481e+01 1.059798318228334679e+01 1.059989700016380887e+01 1.060114698559162960e+01 1.060121344507471441e+01 1.059979601273698435e+01 1.059683500428474012e+01 1.059241234651716645e+01 1.058624501422182362e+01 1.057781347058107713e+01 1.056855884537722723e+01 7.374999999999995559e+00
1.059405571014217529e+01 1.061196225022896300e+01 1.061548523539158140e+01 1.061601595491915440e+01 1.061730335116844515e+01 1.061924362154655022e+01 1.062114658902659592e+01 1.062275029165227025e+01 1.062369754948283784e+01 1.062357931676114475e+01 1.062213723275978161e+01 1.061926846867439878e+01 1.061488401053447994e+01 1.060857218486209419e+01 1.060036823750023594e+01 1.059085989553623897e+01 7.424999999999995381e+00
1.061740649434242023e+01 1.063533621247508698e+01 1.063906803695545911e+01 1.063959765013285796e+01 1.064093883902037696e+01 1.064304694957640329e+01 1.064508783678397741e+01 1.064668744728612459e+01 1.064751054104633177e+01 1.064721385811879095e+01 1.064553357633692166e+01 1.064229185497664254e+01 1.063733971586927218e+01 1.063026798317043742e+01 1.062173697037789033e+01 1.061273467531182391e+01 7.474999999999995204e+00
1.064107415784243926e+01 1.065885632570433650e+01 1.066240054383078828e+01 1.066286659241013801e+01 1.066410565291850787e+01 1.066616809892042106e+01 1.066817321269914309e+01 1.066961728116364583e+01 1.067022223337775699e+01 1.066977235123634493e+01 1.066803037447273894e+01 1.066472392580705808e+01 1.065961474108151563e+01 1.065261072829239630e+01 1.064412086896690468e+01 1.063440576101849189e+01 7.524999999999995026e+00
1.066426268038772562e+01 1.068184587640909733e+01 1.068557369673718860e+01 1.068602035890267210e+01 1.068726605061132595e+01 1.068944378186053612e+01 1.069160753873569547e+01 1.069310920972966983e+01 1.069363357955295513e+01 1.069298014667107388e+01 1.069091487060264534e+01 1.068712602895470454e+01 1.068136001296623938e+01 1.067377921950659214e+01 1.066571766218361894e+01 1.065623781144134519e+01 7.574999999999994849e+00
1.068746277894197938e+01 1.070538515047126538e+01 1.070886906350404466e+01 1.070924234355579152e+01 1.071034047136108747e+01 1.071237323703392796e+01 1.071448226532387871e+01 1.071591839220539555e+01 1.071632688258137911e+01 1.071553152942490073e+01 1.071331978699723741e+01 1.070937024356675593e+01 1.070359645783958058e+01 1.069621846743247318e+01 1.068749369930978510e+01 1.067714895997780467e+01 7.624999999999994671e+00
1.071055830198779368e+01 1.072801488517839630e+01 1.073163709060058046e+01 1.073197521812673294e+01 1.073303531118165388e+01 1.073510564859576633e+01 1.073732970921443197e+01 1.073882432352896110e+01 1.073916602901771888e+01 1.073814160438078957e+01 1.073555704353465678e+01 1.073106040824875151e+01 1.072466506093675775e+01 1.071762555516152204e+01 1.070915970077820134e+01 1.069905251439785410e+01 7.674999999999994493e+00
1.073329792360882884e+01 1.075171552414731480e+01 1.075500074544542528e+01 1.075526121757557974e+01 1.075614365599750144e+01 1.075796908510905681e+01 1.076002657586795763e+01 1.076141689919524502e+01 1.076166311278434407e+01 1.076050199763066573e+01 1.075779648091436336e+01 1.075328203720510878e+01 1.074711538951544298e+01 1.073947965690633133e+01 1.073023016613045932e+01 1.071980620768650461e+01 7.724999999999994316e+00
1.075641946107321267e+01 1.077417257784682825e+01 1.077740020491948236e+01 1.077761039864082626e+01 1.077841221680648331e+01 1.078019024970023310e+01 1.078227946132693305e+01 1.078367933326485328e+01 1.078383716254878877e+01 1.078242265096189456e+01 1.077931663912665528e+01 1.077433768534261382e+01 1.076842796247090739e+01 1.076103733636444559e+01 1.075192974390213507e+01 1.074124399518922779e+01 7.774999999999994138e+00
1.077873556578979830e+01 1.079797065716154059e+01 1.080094417013895658e+01 1.080107998146303849e+01 1.080170403188862238e+01 1.080318767584553541e+01 1.080498768280211586e+01 1.080618131090014522e+01 1.080620624680511987e+01 1.080470023054953721e+01 1.080159429888525402e+01 1.079671729297897009e+01 1.079029508074712496e+01 1.078220193332121291e+01 1.077249137965506165e+01 1.076216056663067278e+01 7.824999999999993960e+00
1.080203548981717709e+01 1.082061811729266232e+01 1.082325427531339734e+01 1.082331960237153190e+01 1.082377520126651405e+01 1.082497988422081470e+01 1.082669090907488396e+01 1.082780378129261756e+01 1.082768706318019802e+01 1.082590823365550570e+01 1.082270446140977782e+01 1.081800306400394085e+01 1.081178064936091232e+01 1.080376663938787374e+01 1.079403941031532810e+01 1.078281244706528597e+01 7.874999999999993783e+00
1.082411525268806507e+01 1.084399213745912149e+01 1.084672105174124468e+01 1.084673124141297862e+01 1.084710719912984445e+01 1.084821324153859123e+01 1.084958828231889783e+01 1.085042865904051368e+01 1.085014793077729678e+01 1.084833013816777658e+01 1.084488571186292205e+01 1.083975918296570917e+01 1.083293625909545632e+01 1.082420205350221920e+01 1.081474806035899050e+01 1.080383200937143862e+01 7.924999999999993605e+00
1.084751278917806516e+01 1.086660816482033809e+01 1.086915828769688730e+01 1.086910977540611611e+01 1.086936085381917216e+01 1.087023334737336988e+01 1.087128759761917252e+01 1.087186973661084544e+01 1.087143357969052282e+01 1.086957886265942008e+01 1.086617374948651715e+01 1.086117473913685494e+01 1.085437995551335888e+01 1.084577612442285321e+01 1.083549751090183300e+01 1.082375176632758595e+01 7.974999999999993427e+00
1.086979076990260573e+01 1.088932935718903749e+01 1.089207817028540326e+01 1.089197169623316164e+01 1.089215719652106529e+01 1.089295403581379418e+01 1.089385570567650774e+01 1.089426079293066785e+01 1.089359845975508634e+01 1.089145076862424588e+01 1.088766405362245315e+01 1.088217610955289238e+01 1.087470274993859576e+01 1.086631240045914915e+01 1.085632781623648846e+01 1.084475900281802119e+01 8.024999999999993250e+00
1.089267718067479507e+01 1.091164928569733306e+01 1.091439563945232827e+01 1.091424239106253324e+01 1.091435335612544044e+01 1.091500789582522124e+01 1.091566366087739048e+01 1.091584012315938601e+01 1.091501147217498691e+01 1.091278601762181388e+01 1.090900158885371951e+01 1.090350903598992005e+01 1.089615446469996307e+01 1.088705526058333461e+01 1.087619564738448474e+01 1.086481222405212321e+01 8.074999999999993960e+00
1.091492011368258197e+01 1.093360136974716745e+01 1.093660144137686530e+01 1.093638751518340335e+01 1.093643683618868678e+01 1.093702721291582058e+01 1.093755184355008225e+01 1.093754969630786533e+01 1.093646595174195824e+01 1.093389300219521942e+01 1.092969581883507502e+01 1.092372952014490117e+01 1.091652007966673210e+01 1.090769365867851270e+01 1.089709650420192055e+01 1.088488045254445602e+01 8.124999999999992895e+00
1.093710460359226211e+01 1.095570114262664596e+01 1.095865351100153084e+01 1.095839986748831052e+01 1.095838505649983574e+01 1.095886826684235515e+01 1.095925090700432492e+01 1.095909409251424016e+01 1.095786706036657598e+01 1.095517934616638911e+01 1.095099671555257892e+01 1.094492903119149574e+01 1.093710571882778382e+01 1.092751577515581829e+01 1.091690904330574519e+01 1.090506516581255525e+01 8.174999999999991829e+00
1.095909082603550466e+01 1.097684586177853028e+01 1.098005537489354211e+01 1.097973261260906952e+01 1.097964502502979300e+01 1.098006286497017570e+01 1.098034261977965542e+01 1.098001462092510216e+01 1.097851150420574307e+01 1.097540136875936234e+01 1.097119031875775441e+01 1.096516326261339991e+01 1.095757215692882625e+01 1.094818528727248719e+01 1.093695207473141018e+01 1.092420060860409237e+01 8.224999999999992539e+00
1.098046232312470671e+01 1.099903956118100723e+01 1.100203335544333960e+01 1.100167208829171805e+01 1.100150295135002843e+01 1.100179268304497882e+01 1.100195224997465004e+01 1.100150538951782586e+01 1.099991653208830122e+01 1.099678307561097590e+01 1.099211676087375267e+01 1.098546640402585872e+01 1.097720591871932605e+01 1.096778238123117788e+01 1.095685952896685400e+01 1.094443463439523079e+01 8.274999999999993250e+00
1.100233490439645223e+01 1.102008427701528781e+01 1.102287352034303503e+01 1.102247574174856304e+01 1.102222927731282276e+01 1.102239753301712177e+01 1.102244313427881295e+01 1.102188356576922423e+01 1.102021340648694370e+01 1.101705783632499802e+01 1.101237923951977393e+01 1.100583476654156634e+01 1.099773941627721463e+01 1.098770781740715563e+01 1.097582641057644004e+01 1.096371253775713406e+01 8.324999999999992184e+00
1.102307795308430904e+01 1.104184618882588254e+01 1.104475236099473889e+01 1.104425586772149082e+01 1.104388059227912500e+01 1.104392611823943682e+01 1.104383421032673240e+01 1.104308615620058021e+01 1.104115576693193823e+01 1.103763600371290998e+01 1.103237579748504160e+01 1.102516969357331789e+01 1.101721253352311969e+01 1.100741307799304636e+01 1.099591767262601749e+01 1.098283202848489459e+01 8.374999999999991118e+00
1.104486291670235865e+01 1.106304666060541564e+01 1.106574642109332629e+01 1.106519983425381959e+01 1.106472754447372431e+01 1.106463579113327000e+01 1.106440520353315549e+01 1.106353918493985411e+01 1.106155140480141874e+01 1.105805593040128976e+01 1.105275922886602658e+01 1.104572208548121282e+01 1.103695251356249329e+01 1.102624032030385592e+01 1.101497435012458403e+01 1.100224826101079678e+01 8.424999999999991829e+00
1.106574645613087604e+01 1.108406884717037855e+01 1.108690164118258359e+01 1.108623477448780470e+01 1.108560557807486724e+01 1.108536193529910996e+01 1.108495723282166345e+01 1.108386402020773431e+01 1.108157914463711791e+01 1.107770024022092237e+01 1.107209644753635835e+01 1.106521959250508047e+01 1.105655731087231608e+01 1.104616763909557342e+01 1.103402343133473806e+01 1.102066792387764593e+01 8.474999999999992539e+00
1.108679607695222380e+01 1.110528087859790247e+01 1.110799508912318601e+01 1.110727088957553121e+01 1.110654519258151218e+01 1.110617181538287923e+01 1.110562684856648907e+01 1.110441136737030909e+01 1.110205115351315364e+01 1.109814441320415135e+01 1.109228162644115301e+01 1.108475010626029800e+01 1.107517945616844379e+01 1.106507595620689877e+01 1.105324490283398120e+01 1.103969887269069261e+01 8.524999999999991473e+00
1.110779992130615312e+01 1.112545934341975595e+01 1.112834692009992388e+01 1.112748485208976490e+01 1.112657855006037266e+01 1.112602679529770100e+01 1.112527218987153255e+01 1.112391246136128942e+01 1.112148074537807929e+01 1.111754758655589015e+01 1.111176671742554767e+01 1.110438259497596469e+01 1.109503116925826838e+01 1.108397196102922422e+01 1.107148763360530097e+01 1.105824656405466300e+01 8.574999999999990408e+00
1.112804161531765601e+01 1.114672539325370693e+01 1.114944777384096319e+01 1.114854880112670976e+01 1.114757240911207781e+01 1.114690564552009455e+01 1.114604808382267009e+01 1.114445684355442623e+01 1.114164299314130879e+01 1.113720354470018492e+01 1.113087141075137154e+01 1.112302024742168172e+01 1.111387693733070847e+01 1.110302678409336608e+01 1.109042230106802229e+01 1.107596425587698619e+01 8.624999999999991118e+00
1.114906491734716454e+01 1.116691976842368383e+01 1.116948527775826783e+01 1.116855126010403509e+01 1.116750831019695589e+01 1.116673233349463601e+01 1.116577700387208516e+01 1.116408631559342446e+01 1.116117367712236508e+01 1.115666650204366483e+01 1.115046220602678595e+01 1.114253248189277912e+01 1.113257006115148329e+01 1.112112136436376808e+01 1.110879327307967834e+01 1.109483486557812348e+01 8.674999999999991829e+00
1.116903543022242040e+01 1.118733620799092243e+01 1.118999316120339493e+01 1.118892605866326129e+01 1.118770861919711734e+01 1.118673703194428448e+01 1.118557877522257549e+01 1.118359440608311139e+01 1.118025357366608041e+01 1.117517305539551487e+01 1.116907194814698201e+01 1.116128460395988853e+01 1.115157052424781625e+01 1.113980657873758418e+01 1.112639816049640906e+01 1.111276048703718367e+01 8.724999999999990763e+00
1.118939192310184971e+01 1.120759051121388694e+01 1.121005270259067110e+01 1.120895865185600471e+01 1.120768999783793163e+01 1.120661773408410866e+01 1.120537285714415887e+01 1.120328814151341135e+01 1.119985057319616750e+01 1.119481302539453971e+01 1.118802592147224395e+01 1.117957074325536304e+01 1.116962630004902657e+01 1.115797726706825976e+01 1.114503242390315663e+01 1.113037138188474628e+01 8.774999999999989697e+00
1.120934539919602813e+01 1.122703132402490667e+01 1.122954102706027513e+01 1.122830803365716434e+01 1.122685992417215139e+01 1.122557259289266263e+01 1.122419080242207556e+01 1.122201068884413822e+01 1.121848115511602906e+01 1.121348445871312904e+01 1.120665374777773060e+01 1.119843665731443316e+01 1.118799721409149761e+01 1.117528219686972868e+01 1.116274774661787639e+01 1.114851287361328502e+01 8.824999999999990408e+00
1.122865405192631627e+01 1.124718485447947991e+01 1.124951857417145717e+01 1.124825991272328629e+01 1.124679162570148705e+01 1.124544299306175610e+01 1.124386287386256278e+01 1.124132688812668768e+01 1.123734631960201646e+01 1.123190911962094596e+01 1.122437145288287930e+01 1.121638081764510986e+01 1.120599311087936556e+01 1.119369073945011372e+01 1.118011607270280727e+01 1.116576800555098536e+01 8.874999999999991118e+00
1.124850857033475826e+01 1.126636407785565375e+01 1.126853032198492421e+01 1.126724723339378187e+01 1.126575974430284077e+01 1.126435277387043676e+01 1.126266383285549466e+01 1.125999883740113816e+01 1.125593350588425423e+01 1.125061110302277001e+01 1.124305013023595912e+01 1.123429883819596675e+01 1.122311900974492893e+01 1.121120933506167638e+01 1.119795982742019902e+01 1.118291477176094695e+01 8.924999999999990052e+00
1.126741470233485742e+01 1.128557392100959689e+01 1.128778752705220612e+01 1.128635049253071720e+01 1.128470656365948699e+01 1.128310972087318653e+01 1.128113549970955276e+01 1.127807302361358666e+01 1.127363284213272365e+01 1.126841975290209419e+01 1.126090360236823962e+01 1.125217745844902062e+01 1.124101218716018735e+01 1.122823066105834400e+01 1.121495124343565841e+01 1.120013006201794248e+01 8.974999999999988987e+00
1.128691211467938338e+01 1.130504327618612415e+01 1.130710120538971886e+01 1.130563739850297900e+01 1.130399579483892580e+01 1.130236897066428980e+01 1.130028744693350795e+01 1.129715695046812307e+01 1.129257628591462748e+01 1.128680325097872483e+01 1.127862012680531301e+01 1.126953043054700032e+01 1.125857990814960807e+01 1.124632351996830515e+01 1.123214402677271195e+01 1.121683920664207967e+01 9.025000000000000355e+00
1.130664055934484935e+01 1.132395913557183320e+01 1.132596994455539985e+01 1.132437599554683594e+01 1.132273665098646731e+01 1.132108069776668025e+01 1.131889492198166103e+01 1.131569833890315380e+01 1.131112941289061169e+01 1.130532013804456426e+01 1.129747689361093421e+01 1.128768700694328153e+01 1.127573544526075899e+01 1.126390201560533200e+01 1.124991014004114653e+01 1.123402075556160362e+01 9.075000000000001066e+00
1.132593967262805990e+01 1.134439627398969819e+01 1.134642046905246815e+01 1.134470596274107912e+01 1.134283210182135804e+01 1.134091874948229517e+01 1.133838581331160356e+01 1.133478702036378749e+01 1.132971526169753140e+01 1.132333415064222315e+01 1.131582155562565362e+01 1.130595637419996713e+01 1.129457527877411138e+01 1.128171053349387343e+01 1.126719376806626371e+01 1.125166738036332070e+01 9.125000000000001776e+00
1.134700436975927929e+01 1.136440462950696784e+01 1.136632311650535598e+01 1.136456372878221188e+01 1.136264624778907617e+01 1.136066178788365555e+01 1.135804231258006958e+01 1.135445318555320604e+01 1.134953658117242448e+01 1.134297686997089194e+01 1.133474709338680242e+01 1.132373629841410256e+01 1.131291038624488365e+01 1.130031471305371937e+01 1.128519837928686442e+01 1.126884124562102230e+01 9.175000000000002487e+00
1.136713646290424862e+01 1.138466131400883086e+01 1.138672063110852939e+01 1.138468708069388846e+01 1.138245274824628162e+01 1.138012300027630808e+01 1.137707389332902785e+01 1.137324866440255100e+01 1.136848034511258199e+01 1.136196180916795839e+01 1.135391910191887277e+01 1.134304943983502945e+01 1.133115699011134758e+01 1.131809522389854195e+01 1.130338580439107332e+01 1.128673167898170426e+01 9.225000000000003197e+00
1.138773471856404740e+01 1.140528337008933768e+01 1.140723395467422741e+01 1.140517205356927732e+01 1.140285818457166478e+01 1.140043056164605595e+01 1.139735413567704825e+01 1.139326259362620775e+01 1.138795822860685369e+01 1.138071499962681976e+01 1.137216738934582416e+01 1.136160950301642281e+01 1.135005610459692704e+01 1.133629884678743771e+01 1.132069694632503065e+01 1.130460439847305132e+01 9.275000000000003908e+00
1.140823606340734919e+01 1.142485852901711674e+01 1.142692219328712078e+01 1.142461708844366264e+01 1.142222772064026337e+01 1.141970719146883084e+01 1.141660483335271081e+01 1.141247929334856615e+01 1.140722514293946688e+01 1.140019590472263822e+01 1.139131087332637193e+01 1.137981529522688007e+01 1.136799578860346926e+01 1.135441555707163985e+01 1.133881242946324441e+01 1.132156979334681601e+01 9.325000000000004619e+00
1.142906341738016351e+01 1.144687907614145850e+01 1.144874254644528300e+01 1.144643142822717152e+01 1.144362933098037338e+01 1.144066876390360221e+01 1.143716823318582065e+01 1.143247114853887503e+01 1.142656841909690257e+01 1.141956986065397039e+01 1.141070342018628381e+01 1.139977328897915676e+01 1.138717354157767581e+01 1.137243280755053121e+01 1.135742230817456999e+01 1.134043926828980631e+01 9.375000000000005329e+00
1.145150146839635852e+01 1.146851570239963181e+01 1.147016428991571857e+01 1.146789637251490923e+01 1.146499290137600546e+01 1.146191790486700057e+01 1.145844344943260040e+01 1.145374031140353210e+01 1.144785101680017547e+01 1.144026859243620109e+01 1.143037395606103068e+01 1.141936669423923156e+01 1.140684902851523219e+01 1.139229397618377071e+01 1.137579071218497440e+01 1.135946438920580270e+01 9.425000000000006040e+00
1.147295840158624713e+01 1.149097400618600240e+01 1.149257928103197557e+01 1.149008070747249910e+01 1.148671246288416370e+01 1.148314356943346048e+01 1.147925344939424974e+01 1.147407946680799995e+01 1.146820301959652966e+01 1.146070368909291481e+01 1.145100730437193270e+01 1.143967472494017557e+01 1.142575316554513343e+01 1.141163950644614822e+01 1.139574746829416618e+01 1.137801498301342917e+01 9.475000000000006750e+00
1.149570935295448137e+01 1.151315630134059909e+01 1.151451956043788449e+01 1.151206905917432088e+01 1.150860215403523767e+01 1.150494200992283211e+01 1.150103269431925312e+01 1.149581669794532779e+01 1.148921578788550057e+01 1.148081670732572235e+01 1.147068027048326933e+01 1.145968161957263298e+01 1.144609568021723156e+01 1.143077524376333010e+01 1.141477533428627567e+01 1.139769390388861936e+01 9.525000000000007461e+00
1.151757487843490324e+01 1.153513545794964124e+01 1.153642583510120012e+01 1.153375277014082201e+01 1.152986877555697554e+01 1.152573397783050346e+01 1.152173307447132267e+01 1.151658820659400462e+01 1.151001163601201860e+01 1.150158115823999161e+01 1.149117260988498401e+01 1.147911999774924396e+01 1.146543050052030033e+01 1.145068794267477763e+01 1.143385539373166360e+01 1.141639800242379366e+01 9.575000000000008171e+00
1.154031033779952509e+01 1.155771682060617600e+01 1.155885365590820335e+01 1.155616783025191197e+01 1.155230901138170729e+01 1.154820941828988801e+01 1.154373287745903909e+01 1.153808536307105648e+01 1.153083291040175595e+01 1.152185547442332236e+01 1.151170744968380788e+01 1.149980883959021760e+01 1.148539033567425172e+01 1.147013061204566498e+01 1.145374846945381897e+01 1.143568070095961353e+01 9.625000000000008882e+00
1.156264473178106833e+01 1.157953396133171431e+01 1.158061112085231947e+01 1.157769862719657006e+01 1.157365930470615112e+01 1.156959320632811661e+01 1.156499211735908439e+01 1.155935826491360707e+01 1.155202771765599579e+01 1.154274174614337234e+01 1.153184066764305626e+01 1.151949280571685641e+01 1.150543838221773996e+01 1.148995386883618863e+01 1.147267532053999872e+01 1.145489102265205439e+01 9.675000000000009592e+00
1.158456002184492561e+01 1.160158204124260095e+01 1.160254048048178177e+01 1.159964142718386171e+01 1.159560192450610216e+01 1.159121377707689327e+01 1.158606325055662012e+01 1.157997303879475659e+01 1.157218297991911626e+01 1.156289933700915640e+01 1.155219234293688402e+01 1.153948781314030114e+01 1.152450312912014319e+01 1.150925501055279199e+01 1.149211813672346416e+01 1.147315913272380783e+01 9.725000000000010303e+00
1.160710037098307268e+01 1.162332570060975812e+01 1.162416705875300416e+01 1.162128126024024333e+01 1.161735589633597954e+01 1.161299502746172863e+01 1.160766967603017008e+01 1.160159851898281680e+01 1.159358251623081593e+01 1.158349814182673221e+01 1.157226302015360986e+01 1.155973150744892308e+01 1.154505570818406746e+01 1.152861488640300891e+01 1.151150375431003425e+01 1.149278742249847873e+01 9.775000000000011013e+00
1.162945968329941238e+01 1.164629573503598969e+01 1.164708435667096786e+01 1.164395556697219902e+01 1.163975542675693298e+01 1.163499753447408480e+01 1.162908874509215629e+01 1.162270429371439917e+01 1.161471314732414761e+01 1.160469434282553713e+01 1.159344164568238789e+01 1.157992678709823586e+01 1.156516075528555731e+01 1.154902870104164059e+01 1.153098275183349308e+01 1.151212310067417555e+01 9.825000000000011724e+00
1.165303926353362485e+01 1.166907300270491987e+01 1.166973536281492763e+01 1.166662119472604608e+01 1.166247063463115197e+01 1.165762591800227099e+01 1.165169876737000187e+01 1.164524044644059231e+01 1.163657326883419074e+01 1.162563884754999854e+01 1.161456092839232213e+01 1.160129090625966874e+01 1.158597534684355068e+01 1.156914003941408353e+01 1.155154420142267924e+01 1.153188902217076439e+01 9.875000000000012434e+00
1.167628693547908725e+01 1.169313113963422346e+01 1.169373638882889743e+01 1.169026138805345205e+01 1.168570754930639666e+01 1.168030456125350192e+01 1.167386657055669019e+01 1.166754793079296526e+01 1.165900436662018258e+01 1.164832774755406142e+01 1.163638991102489584e+01 1.162223717437951898e+01 1.160735782793512172e+01 1.159046026713393651e+01 1.157170349901756268e+01 1.155273441170137971e+01 9.925000000000013145e+00
1.170121655665930582e+01 1.171707315755434564e+01 1.171755840909496804e+01 1.171402540345794385e+01 1.170945311140807554e+01 1.170402959245703300e+01 1.169766072046691541e+01 1.169072393439849300e+01 1.168139872317185457e+01 1.167033653995167697e+01 1.165867190654862817e+01 1.164458577686550100e+01 1.162845491213878901e+01 1.161179862186840950e+01 1.159326273364002802e+01 1.157295495348809489e+01 9.975000000000013856e+00
1.172589510298333160e+01 1.174246302845784484e+01 1.174286630259139486e+01 1.173886028593027753e+01 1.173377109846687993e+01 1.172772403117709317e+01 1.172124790757721513e+01 1.171437210645542493e+01 1.170521957273729186e+01 1.169408300284134761e+01 1.168130916031696032e+01 1.166693697911198591e+01 1.165125262164160169e+01 1.163378504414405512e+01 1.161492124967692163e+01 1.159515952229532054e+01 1.002500000000001457e+01
1.175280388791919073e+01 1.176811036136751198e+01 1.176837742238264894e+01 1.176429299100262327e+01 1.175923730743728157e+01 1.175338048341772534e+01 1.174670264490324989e+01 1.173892065508672822e+01 1.172889582091793415e+01 1.171779423307760659e+01 1.170527446329235488e+01 1.169046185271564298e+01 1.167349218709479253e+01 1.165678800243767377e+01 1.163745821566772598e+01 1.161707319858956922e+01 1.007500000000001528e+01
1.178003887293835739e+01 1.179588646564605092e+01 1.179601886880138295e+01 1.179137099385781440e+01 1.178573114735386795e+01 1.177932511024933326e+01 1.177239609876368576e+01 1.176449634558459678e+01 1.175484146085833004e+01 1.174337520339017082e+01 1.172956537427632817e+01 1.171477165347761762e+01 1.169835106791003554e+01 1.168019542712193726e+01 1.166106179048538749e+01 1.164065424149449512e+01 1.012500000000001599e+01
1.181031669587307498e+01 1.182472844596835415e+01 1.182468509625074304e+01 1.182002213212797237e+01 1.181451015819699535e+01 1.180843404667714047e+01 1.180145055888401373e+01 1.179239025464323376e+01 1.178182653450723549e+01 1.177005209385443152e+01 1.175670731718347461e+01 1.174125300866191068e+01 1.172358056768812418e+01 1.170621782705711134e+01 1.168621896984566888e+01 1.166547005938220316e+01 1.017500000000001670e+01
1.184308645874958721e+01 1.185803963554219287e+01 1.185778157802617372e+01 1.185252221625620628e+01 1.184635513136819540e+01 1.183971168302731236e+01 1.183204965645461293e+01 1.182205389408199459e+01 1.181204973300285133e+01 1.180020943512463560e+01 1.178552186374692035e+01 1.176945295367725208e+01 1.175285997901798929e+01 1.173366223419810339e+01 1.171362813527976421e+01 1.169289571633288460e+01 1.022500000000001741e+01
1.187737006223033198e+01 1.189293420537695134e+01 1.189241181031472472e+01 1.188651985098435659e+01 1.187960441226311659e+01 1.187263515917371137e+01 1.186529954718839797e+01 1.185517579444087133e+01 1.184415244813992096e+01 1.183121418791948187e+01 1.181642214837430416e+01 1.180051681569561595e+01 1.178273326660738007e+01 1.176332406743193815e+01 1.174291943702115404e+01 1.172109929361579539e+01 1.027500000000001812e+01
1.191575592256611849e+01 1.193055798497328190e+01 1.192972342385293771e+01 1.192350221633900098e+01 1.191677965026447161e+01 1.190962153395005174e+01 1.190147423900558366e+01 1.189041692336821221e+01 1.187828415686012029e+01 1.186568576557037602e+01 1.185039838527283074e+01 1.183320232147714357e+01 1.181570536165637186e+01 1.179549811826154126e+01 1.177368687798132463e+01 1.175291693936864057e+01 1.032500000000001883e+01
1.195815597372664563e+01 1.197255023526637174e+01 1.197149807128609922e+01 1.196546373645817063e+01 1.195803841116799049e+01 1.195001367356698019e+01 1.194091591344203884e+01 1.192921183345408487e+01 1.191705992656844693e+01 1.190385161567194316e+01 1.188729239576126417e+01 1.186977896667307242e+01 1.185209973146520213e+01 1.183026879540300946e+01 1.180932467039216860e+01 1.178700716169610097e+01 1.037500000000001954e+01
1.200352242426609450e+01 1.201776843160621588e+01 1.201637189817115292e+01 1.201005906550909685e+01 1.200200570005137557e+01 1.199312360561396495e+01 1.198292430981380008e+01 1.197122216648445558e+01 1.195856955044505199e+01 1.194426829779985688e+01 1.192660442547270883e+01 1.190943072417944215e+01 1.189035590209702065e+01 1.186823986356743710e+01 1.184678235757317921e+01 1.182329105481445275e+01 1.042500000000002025e+01
1.205172180221271816e+01 1.206549980901110963e+01 1.206372773308165236e+01 1.205715269919644861e+01 1.204852489038403363e+01 1.203884144142885226e+01 1.202747653846263987e+01 1.201587511919563056e+01 1.200239759924860294e+01 1.198692010282921494e+01 1.196909542811028615e+01 1.195110467879265670e+01 1.193055198372534598e+01 1.190876214391101051e+01 1.188619681645416648e+01 1.186271042806809106e+01 1.047500000000002096e+01
1.210314882169943651e+01 1.211630074447819894e+01 1.211411093090862501e+01 1.210718781564961510e+01 1.209800210408359078e+01 1.208756395362960667e+01 1.207513734199997302e+01 1.206319518316515804e+01 1.204901500139457227e+01 1.203232490413260436e+01 1.201430700445634869e+01 1.199533460718533107e+01 1.197353601358788566e+01 1.195172418210551513e+01 1.192803578605681203e+01 1.190426554732685283e+01 1.052500000000002167e+01
1.215786011815855083e+01 1.217034398717598975e+01 1.216768891886187198e+01 1.216027508664275381e+01 1.215053681477023595e+01 1.213938378484712644e+01 1.212611323833585075e+01 1.211338533657491290e+01 1.209851139431848566e+01 1.208070269742131941e+01 1.206224870778266300e+01 1.204230722338041026e+01 1.201975720147910742e+01 1.199734129381970860e+01 1.197269937409297569e+01 1.194827120884122706e+01 1.057500000000002238e+01
1.221595588572104241e+01 1.222803126682095431e+01 1.222456209462894350e+01 1.221653678436834944e+01 1.220625891305385835e+01 1.219445933326393572e+01 1.218057788519065276e+01 1.216659855962467596e+01 1.215097202781879560e+01 1.213225303464265359e+01 1.211305258073084978e+01 1.209217903140255146e+01 1.206879274213037512e+01 1.204574819801285557e+01 1.202019063636499041e+01 1.199498255554621906e+01 1.062500000000002309e+01
1.227808257606189457e+01 1.229027761820714382e+01 1.228616582501044796e+01 1.227648698300857433e+01 1.226552119754662584e+01 1.225315793028513056e+01 1.223884896609894923e+01 1.222313421503560527e+01 1.220672408897785743e+01 1.218735404238701925e+01 1.216699958603493670e+01 1.214529190774317513e+01 1.212097018245082403e+01 1.209725160242233599e+01 1.207063705159750810e+01 1.204478308767990669e+01 1.067500000000002380e+01
1.234528108822469861e+01 1.235640889720207625e+01 1.235170095188173534e+01 1.234134434431461358e+01 1.232865120913249690e+01 1.231538666477699095e+01 1.230074187479443992e+01 1.228387312827920574e+01 1.226573927166260169e+01 1.224594243167173957e+01 1.222401218831852354e+01 1.220162266661210460e+01 1.217638966081740115e+01 1.215182209001080871e+01 1.212412697935839212e+01 1.209767086438700900e+01 1.072500000000002451e+01
1.241652849072234233e+01 1.242655956418759899e+01 1.242110676827452487e+01 1.241017612823771366e+01 1.239688885659512607e+01 1.238192463152216583e+01 1.236621206440458920e+01 1.234857289842727468e+01 1.232854400862342992e+01 1.230806679399790582e+01 1.228537760359905029e+01 1.226130852821370887e+01 1.223588839883928259e+01 1.220960807528610736e+01 1.218158271023713368e+01 1.215379218433626463e+01 1.077500000000002522e+01
1.249385292436031847e+01 1.250323060364883787e+01 1.249671925561214358e+01 1.248406060894393121e+01 1.246931869346254018e+01 1.245381953450017143e+01 1.243664726959121047e+01 1.241725159547767987e+01 1.239664220643807724e+01 1.237394283826681551e+01 1.235080037072220982e+01 1.232465837348060411e+01 1.229919115948597508e+01 1.227094573938683730e+01 1.224300120066683206e+01 1.221347742522490520e+01 1.082500000000002593e+01
1.257552456407144525e+01 1.258399581734864547e+01 1.257610358472918044e+01 1.256298378581715980e+01 1.254718387489741893e+01 1.252937179399105361e+01 1.251127384494486172e+01 1.249065536982384828e+01 1.246799892028735179e+01 1.244492319955995008e+01 1.241936903607937026e+01 1.239300392181965549e+01 1.236552378768615768e+01 1.233653165693762510e+01 1.230747951877742885e+01 1.227623610570025292e+01 1.087500000000002665e+01
1.266203610624521048e+01 1.266860556394579085e+01 1.266006719563513094e+01 1.264533171305796344e+01 1.262750491819360477e+01 1.260901832463500583e+01 1.258883597115906383e+01 1.256661780936061845e+01 1.254296283870357342e+01 1.251772682677630577e+01 1.249143095371165124e+01 1.246322377349581245e+01 1.243458870644804826e+01 1.240452722884480252e+01 1.237365873555695650e+01 1.234247025133661602e+01 1.092500000000002736e+01
1.275251346789037754e+01 1.275774625141773733e+01 1.274763456436249598e+01 1.273107694421311287e+01 1.271251616901196435e+01 1.269198718240206247e+01 1.266970944349563943e+01 1.264645926901924433e+01 1.262062915406095165e+01 1.259440596761499442e+01 1.256612299921934728e+01 1.253667999137135602e+01 1.250684604926273735e+01 1.247456113283803347e+01 1.244384447985559561e+01 1.241080466605486876e+01 1.097500000000002807e+01
1.284624950929566722e+01 1.284992758857492490e+01 1.283810768904109523e+01 1.282015222745026328e+01 1.280019118323189886e+01 1.277732881285634114e+01 1.275400745743597497e+01 1.272816175006499151e+01 1.270171684169656778e+01 1.267276329979269356e+01 1.264365107577274472e+01 1.261260326481958138e+01 1.258072434078119350e+01 1.254832668845974553e+01 1.251530290818999447e+01 1.248103192567060482e+01 1.102500000000002878e+01
1.294255730050725184e+01 1.294448847326626684e+01 1.293084955580024875e+01 1.291180997152156174e+01 1.288972537253260064e+01 1.286550432224999341e+01 1.283986662171880155e+01 1.281267881876411430e+01 1.278391215787914525e+01 1.275406400082669123e+01 1.272221723456295450e+01 1.269027798682946262e+01 1.265711709580475919e+01 1.262247118232119014e+01 1.258869246692732347e+01 1.255364982378470629e+01 1.107500000000002949e+01
1.304149618328676574e+01 1.304149250765847867e+01 1.302596270257168243e+01 1.300558717065640835e+01 1.298124411910935549e+01 1.295566093201375857e+01 1.292744431618408107e+01 1.289897718740147070e+01 1.286819377051457991e+01 1.283644492059054265e+01 1.280365088383061511e+01 1.276932409361281273e+01 1.273465139100400378e+01 1.269954371428506512e+01 1.266361162093296144e+01 1.262680596624832674e+01 1.112500000000003020e+01
1.314122980371248417e+01 1.313913831778081054e+01 1.312198541342412916e+01 1.309979562904331374e+01 1.307324380552369369e+01 1.304598433454588680e+01 1.301611300739872945e+01 1.298522086851853352e+01 1.295319213580984297e+01 1.291913278545266763e+01 1.288457081343432620e+01 1.284938679114580751e+01 1.281287974981643707e+01 1.277556524945144290e+01 1.273897721852943477e+01 1.270164295648928920e+01 1.117500000000003091e+01
1.324087891082622015e+01 1.323654471874930394e+01 1.321784502317773935e+01 1.319354268958159437e+01 1.316536097029661434e+01 1.313561672298924243e+01 1.310432181068282453e+01 1.307101160227023939e+01 1.303717780938775839e+01 1.300197574035108161e+01 1.296535210427083307e+01 1.292797336558771271e+01 1.289070164003576124e+01 1.285268291132559071e+01 1.281387554852429389e+01 1.277464407988624373e+01 1.122500000000003162e+01
1.334121777424082644e+01 1.333446271942084849e+01 1.331411253276776563e+01 1.328745493656039400e+01 1.325761778135550983e+01 1.322514446769725183e+01 1.319235416444517561e+01 1.315760318312243093e+01 1.312112180190082356e+01 1.308418940715301559e+01 1.304648682725449760e+01 1.300781483550770190e+01 1.296825967208245878e+01 1.292856233456314463e+01 1.288908470007745777e+01 1.284944348851405493e+01 1.127500000000003233e+01
1.344306887153739183e+01 1.343371986063066537e+01 1.341148682213523813e+01 1.338225574175099375e+01 1.335069488230095658e+01 1.331636327834261380e+01 1.328080144339745772e+01 1.324448047121718730e+01 1.320658138529792502e+01 1.316732782941203794e+01 1.312735232838801203e+01 1.308762944951291374e+01 1.304718852222470105e+01 1.300628362309943675e+01 1.296477209495605365e+01 1.292331980439406891e+01 1.132500000000003304e+01
1.354749171865688240e+01 1.353541637569750833e+01 1.351090576566598855e+01 1.347899634054522267e+01 1.344552549151148213e+01 1.340912906158677487e+01 1.337110213958667337e+01 1.333246793963511223e+01 1.329299704124803938e+01 1.325233904244515237e+01 1.321082884583294081e+01 1.316870476505168952e+01 1.312623502992627067e+01 1.308444727697289522e+01 1.304213998919024320e+01 1.300013372717308791e+01 1.137500000000003375e+01
1.365562378169940771e+01 1.364077123880141862e+01 1.361344988285751079e+01 1.357895998486623768e+01 1.354322901027825310e+01 1.350452591767477273e+01 1.346438904074576648e+01 1.342296939353484930e+01 1.338139338189007077e+01 1.333911456811808094e+01 1.329616973477905795e+01 1.325277219356914138e+01 1.320900588898985895e+01 1.316513506608447770e+01 1.312089208813576846e+01 1.307746783019326742e+01 1.142500000000003446e+01
1.376842402763673867e+01 1.375085808144034871e+01 1.372015579369472427e+01 1.368343378383591258e+01 1.364495819518245057e+01 1.360370125105279904e+01 1.356111483409934060e+01 1.351754630587192985e+01 1.347327621316610013e+01 1.342882945124419791e+01 1.338420033551762600e+01 1.333929490623962977e+01 1.329418079721092560e+01 1.324916227112966638e+01 1.320391137553908756e+01 1.315931452884245623e+01 1.147500000000003517e+01
1.388649787256252566e+01 1.386503892215154643e+01 1.383138122367644662e+01 1.379211212918383289e+01 1.375046011715649286e+01 1.370647631281406653e+01 1.366121896928346935e+01 1.361525739640988952e+01 1.356890941400469330e+01 1.352208133251684430e+01 1.347503926649779160e+01 1.342839983344675048e+01 1.338172765511302309e+01 1.333535284443125057e+01 1.328893132616795292e+01 1.324333306844207847e+01 1.152500000000003588e+01
1.400746944280130535e+01 1.398206028343830098e+01 1.394558188803030241e+01 1.390317718913446221e+01 1.385815476131490875e+01 1.381139350269885036e+01 1.376344335458045620e+01 1.371498241624835046e+01 1.366639535731432709e+01 1.361758446602345529e+01 1.356875575381424781e+01 1.352001446185408717e+01 1.347139448140299400e+01 1.342317763967658095e+01 1.337512239769977640e+01 1.332833662184196122e+01 1.157500000000003659e+01
1.412825475788798180e+01 1.410011105157383682e+01 1.405981400626005140e+01 1.401446726804541676e+01 1.396617042558145272e+01 1.391670025956569745e+01 1.386618945812683634e+01 1.381527111529214835e+01 1.376437976784354511e+01 1.371350916796012420e+01 1.366280719391898479e+01 1.361237963331839929e+01 1.356224008338280385e+01 1.351266296111822562e+01 1.346344269531243043e+01 1.341503859762274686e+01 1.162500000000003730e+01
1.425405179009728940e+01 1.422095059855664978e+01 1.417742521552364643e+01 1.412950249477385434e+01 1.407793692484431602e+01 1.402550672019564715e+01 1.397249008094679468e+01 1.391918232949462286e+01 1.386594207134193013e+01 1.381293206029764598e+01 1.376024684727087433e+01 1.370801421029302958e+01 1.365622982464187096e+01 1.360515556710238627e+01 1.355465120663797052e+01 1.350498824421543809e+01 1.167500000000003801e+01
1.438027013515432806e+01 1.434438442067545694e+01 1.429799688254562007e+01 1.424714175216700696e+01 1.419261690466784920e+01 1.413747835697643929e+01 1.408152818793886141e+01 1.402510565465354198e+01 1.396961085651347823e+01 1.391451779044031767e+01 1.385985819092175397e+01 1.380578449279274977e+01 1.375229443799148399e+01 1.369963695665653702e+01 1.364773687091763854e+01 1.359672284063396042e+01 1.172500000000003872e+01
1.450476365194298545e+01 1.446450180917640616e+01 1.441525474056512124e+01 1.436186335726152663e+01 1.430498103486707251e+01 1.424754246246334510e+01 1.418940237049409347e+01 1.413071347301118408e+01 1.407231099957844123e+01 1.401527790815717900e+01 1.395874218151235802e+01 1.390285425488196758e+01 1.384764171693833035e+01 1.379334561471113751e+01 1.373995698453093262e+01 1.368754156052047932e+01 1.177500000000003944e+01
1.462650060717524703e+01 1.458336883499908154e+01 1.453144655781929373e+01 1.447495873426196589e+01 1.441623944769652788e+01 1.435690306379754411e+01 1.429690569410257872e+01 1.423623456938692122e+01 1.417509553797200894e+01 1.411626430791456599e+01 1.405798086303752470e+01 1.400033031827520169e+01 1.394338861817710296e+01 1.388739433728489558e+01 1.383241059256179994e+01 1.377850907152585513e+01 1.182500000000004015e+01
1.475329348124078699e+01 1.470620243545333139e+01 1.465188603645151311e+01 1.459330263169659858e+01 1.453142518936632754e+01 1.446962874330785453e+01 1.440821660165219598e+01 1.434599845342904345e+01 1.428303088811321331e+01 1.422130044807706284e+01 1.416151227759619680e+01 1.410227256398261808e+01 1.404370556560061623e+01 1.398604832532810605e+01 1.392943409731893034e+01 1.387417854334759859e+01 1.187500000000004086e+01
1.487919418131243710e+01 1.482860794753681866e+01 1.477173112717067305e+01 1.471151200104131718e+01 1.464853190971560259e+01 1.458443502727936369e+01 1.452041373283291392e+01 1.445712314617049188e+01 1.439283327095927412e+01 1.432875002488392369e+01 1.426704871242893624e+01 1.420647175155219166e+01 1.414647412517353509e+01 1.408729520579391270e+01 1.402911590653159735e+01 1.397269466199347576e+01 1.192500000000004157e+01
1.501358264815161547e+01 1.495965416755178090e+01 1.490037528478447015e+01 1.483680158322971288e+01 1.477126804306154462e+01 1.470665832993937272e+01 1.464119141976492777e+01 1.457455046264369081e+01 1.450983750429563912e+01 1.444498056958458676e+01 1.438051874071268621e+01 1.431804234002260934e+01 1.425711563334788856e+01 1.419687694874415484e+01 1.413750527279940705e+01 1.407917137203332203e+01 1.197500000000004228e+01
1.514990053222182809e+01 1.509217768019945538e+01 1.502940221530798048e+01 1.496441033157937994e+01 1.489804432874718110e+01 1.482998478647819773e+01 1.476365737393796351e+01 1.469712753539494088e+01 1.462916351231539203e+01 1.456342286003754083e+01 1.449873768929833417e+01 1.443407058781132690e+01 1.437080129915860027e+01 1.431003170039994110e+01 1.424995914645739958e+01 1.419070583898815308e+01 1.202500000000004299e+01
1.527234827031607800e+01 1.521250065333711810e+01 1.514847692549652614e+01 1.508010600939605794e+01 1.501241551271047214e+01 1.494392987735565725e+01 1.487452636964364316e+01 1.480789400647182852e+01 1.474000398191573957e+01 1.467184734707240779e+01 1.460682548260689018e+01 1.454162695676314598e+01 1.447649260329251675e+01 1.441486020436854254e+01 1.435413171792307807e+01 1.429400441325786808e+01 1.207500000000004370e+01
1.540474001789367087e+01 1.534099682113118490e+01 1.527327088352575579e+01 1.520505072216222509e+01 1.513459915134834155e+01 1.506448024500246063e+01 1.499552136145045012e+01 1.492513310867006382e+01 1.485819419400423058e+01 1.479014744358084954e+01 1.472237218075799525e+01 1.465758576724609519e+01 1.459267076179428635e+01 1.452831738478664825e+01 1.446695231333393750e+01 1.440672333472794620e+01 1.212500000000004441e+01
1.553557675698266927e+01 1.546900118320251849e+01 1.540089854703504280e+01 1.532850105991237299e+01 1.525811140335662053e+01 1.518589889465227039e+01 1.511537155363672724e+01 1.504600702246894706e+01 1.497557275916697250e+01 1.490880520281837285e+01 1.484154602779188004e+01 1.477380226090336457e+01 1.470953963688352495e+01 1.464588200571910370e+01 1.458275898117801361e+01 1.452107632227415124e+01 1.217500000000004512e+01
1.565099266703399472e+01 1.558170503989182620e+01 1.551155197960970433e+01 1.543886311504955877e+01 1.536582964687697128e+01 1.529320802923872513e+01 1.522075472569418331e+01 1.515121677031153702e+01 1.508061746019053828e+01 1.501299762341793631e+01 1.494605816619254490e+01 1.487803184785668087e+01 1.481297343686451562e+01 1.474927542292757110e+01 1.468613643132148816e+01 1.462356517010423573e+01 1.222500000000004583e+01
1.573889640166095560e+01 1.566852691191094671e+01 1.559734550329382685e+01 1.552244319083454194e+01 1.544996520210054669e+01 1.537427971087770295e+01 1.530373640523654899e+01 1.523142469169646240e+01 1.516204254025142184e+01 1.509389927694953037e+01 1.502498878218425560e+01 1.495976980274176249e+01 1.489359364465369673e+01 1.482803456290381483e+01 1.476609705584388621e+01 1.470498966995685564e+01 1.227500000000004654e+01
1.586593737517520353e+01 1.579473559643197511e+01 1.572006364914808252e+01 1.564631473913095583e+01 1.556991623059463947e+01 1.549556356115132161e+01 1.542122274770758672e+01 1.535033880599709555e+01 1.527784371442099776e+01 1.521060467503665059e+01 1.514352691657813921e+01 1.507502828061368660e+01 1.501033036959193900e+01 1.494605575445162060e+01 1.488220375352409341e+01 1.482009714364417441e+01 1.232500000000004725e+01
1.604738850336865852e+01 1.600867494590960050e+01 1.594708175616142043e+01 1.586930448561495410e+01 1.579232202147139219e+01 1.571412263841432910e+01 1.563975612512602353e+01 1.556548210315557412e+01 1.549326923369408782e+01 1.542279796804747605e+01 1.535721807670858929e+01 1.529041395845728246e+01 1.522311839586101456e+01 1.516029634435664519e+01 1.509711514380338571e+01 1.503353135583101086e+01 1.237500000000004796e+01
