# linear from 0.15 at z=0.1 to 0.25 at z=1.5
9.909461636060727940e+00 9.928380136589536775e+00 9.931823565064533454e+00 9.933266947975809558e+00 9.936214073289699300e+00 9.940604848078379518e+00 9.945527288168268143e+00 9.950248662456900206e+00 9.956620278344880504e+00 9.961586875368640293e+00 9.964875093782231019e+00 9.966491609458092427e+00 9.966430040843039961e+00 9.964621339876238437e+00 9.960930681257430308e+00 9.955380854308964800e+00 6.025000000000000355e+00
9.934010704660614977e+00 9.953726350249734622e+00 9.957037851055551059e+00 9.958409728377453973e+00 9.961166232625094707e+00 9.965231300113812196e+00 9.969732677527543885e+00 9.974016642766958540e+00 9.980713385879157684e+00 9.985957278885797095e+00 9.989364575867284657e+00 9.990975947901757692e+00 9.990787608311478607e+00 9.988715726368409875e+00 9.984614841658006057e+00 9.978546011733344656e+00 6.075000000000000178e+00
9.958984006749350470e+00 9.978044589620145288e+00 9.981586569043916057e+00 9.983037528054751419e+00 9.985911142368379956e+00 9.990128071486042316e+00 9.994789914454020874e+00 9.999253822627073518e+00 1.000559582057664620e+01 1.001050801525227918e+01 1.001366208158802174e+01 1.001509357522492394e+01 1.001479322216005308e+01 1.001267278357049229e+01 1.000861771897439922e+01 1.000280077948360535e+01 6.125000000000000000e+00
9.983537405740632309e+00 1.000334229559507015e+01 1.000674520990698113e+01 1.000812787442411533e+01 1.001083244854434362e+01 1.001478316357161447e+01 1.001912818688060547e+01 1.002327946278700388e+01 1.002966401895231918e+01 1.003477074939791258e+01 1.003800305411588312e+01 1.003940331375151729e+01 1.003895270354644609e+01 1.003655295181801677e+01 1.003211094816447257e+01 1.002587626423061629e+01 6.174999999999999822e+00
1.000857542422409985e+01 1.002756469877663470e+01 1.003119703795670503e+01 1.003266234480841668e+01 1.003550066512403838e+01 1.003965977687299471e+01 1.004428086891831740e+01 1.004875190889294423e+01 1.005465371502313943e+01 1.005932974037264849e+01 1.006227882233606330e+01 1.006349317323308412e+01 1.006293375473126694e+01 1.006050999957874659e+01 1.005620918566228994e+01 1.005039158353115525e+01 6.224999999999999645e+00
1.003312698211618503e+01 1.005279756970479532e+01 1.005627764184155204e+01 1.005767900154541827e+01 1.006037580816704136e+01 1.006434585994337461e+01 1.006878732487137995e+01 1.007309283530314126e+01 1.007871613085482210e+01 1.008345837115216881e+01 1.008643156041604527e+01 1.008758214718764812e+01 1.008684944477430356e+01 1.008414575663917567e+01 1.007952253119621489e+01 1.007361568068645674e+01 6.274999999999999467e+00
1.005816069103605237e+01 1.007689399572703515e+01 1.008060234071562355e+01 1.008209236666659692e+01 1.008494546485014531e+01 1.008918326275302846e+01 1.009400038413706646e+01 1.009870964907604574e+01 1.010376426521166948e+01 1.010800321684040703e+01 1.011066738446648117e+01 1.011162395963241778e+01 1.011079082058958534e+01 1.010811007014936713e+01 1.010374314638096216e+01 1.009816712593263333e+01 6.324999999999999289e+00
1.008264304450795557e+01 1.010210169187379670e+01 1.010563553359567024e+01 1.010705763853727213e+01 1.010977782981862383e+01 1.011386318972325782e+01 1.011857686107630627e+01 1.012319573901727132e+01 1.012777760224070711e+01 1.013196339866909490e+01 1.013459866801261455e+01 1.013545727385655226e+01 1.013443337172419767e+01 1.013149056216944821e+01 1.012689135326815126e+01 1.012158770930189533e+01 6.374999999999999112e+00
1.010761576540016549e+01 1.012609536944228950e+01 1.012984635498757058e+01 1.013135635394019474e+01 1.013424005939806172e+01 1.013861377986263435e+01 1.014372714743852733e+01 1.014874003890492560e+01 1.015282154952849325e+01 1.015648430561821769e+01 1.015879927432562013e+01 1.015946129916311413e+01 1.015835955712014460e+01 1.015550707913298645e+01 1.015124518102006235e+01 1.014597545270056855e+01 6.424999999999998934e+00
1.013197338592807206e+01 1.015133613036246985e+01 1.015487399213650654e+01 1.015630589520121418e+01 1.015904270906537477e+01 1.016324181309757613e+01 1.016822711427033354e+01 1.017312657175674495e+01 1.017672188327991911e+01 1.018025275028491805e+01 1.018249459867866946e+01 1.018302811389679974e+01 1.018172882489610132e+01 1.017864872052571812e+01 1.017431634778217564e+01 1.016945765509470512e+01 6.474999999999998757e+00
1.015688623553593395e+01 1.017527649600487116e+01 1.017899424091596927e+01 1.018050578348031898e+01 1.018339310519455765e+01 1.018785718638495830e+01 1.019319777909786673e+01 1.019843616571126077e+01 1.020174634462660279e+01 1.020477507220627267e+01 1.020669756919200388e+01 1.020704432993048627e+01 1.020570705338005091e+01 1.020278171428663150e+01 1.019869263777535551e+01 1.019354464108867653e+01 6.524999999999998579e+00
1.018110497030948558e+01 1.020057853737380604e+01 1.020402952176708844e+01 1.020545378067070885e+01 1.020817350195848938e+01 1.021241243958681011e+01 1.021754077014905882e+01 1.022259734928595520e+01 1.022550465005319431e+01 1.022835740819441774e+01 1.023016919415071335e+01 1.023036430218843940e+01 1.022883485204299880e+01 1.022572178337384941e+01 1.022186221709949017e+01 1.021694192404046397e+01 6.574999999999998401e+00
1.020598075380006087e+01 1.022454804833840925e+01 1.022806045466731106e+01 1.022955365093300273e+01 1.023240131378334361e+01 1.023686145577013029e+01 1.024227579983080361e+01 1.024762179336076784e+01 1.025053060129753213e+01 1.025293830601282963e+01 1.025444117434140878e+01 1.025447289363203929e+01 1.025294700812044191e+01 1.025000622015007856e+01 1.024598433678642095e+01 1.024061138331505560e+01 6.624999999999998224e+00
1.023006141984775752e+01 1.024983544971441063e+01 1.025309818097708714e+01 1.025449406581376621e+01 1.025715722598399360e+01 1.026134887327845036e+01 1.026646641318543374e+01 1.027156564653550852e+01 1.027423859324685651e+01 1.027637072831909215e+01 1.027772838419141976e+01 1.027759362455214820e+01 1.027588594816089440e+01 1.027301174852994414e+01 1.026917942862112021e+01 1.026384839238252056e+01 6.674999999999998046e+00
1.025491461568165441e+01 1.027384079745554679e+01 1.027702582881953752e+01 1.027847629019077580e+01 1.028124284039412473e+01 1.028561413154507065e+01 1.029095532055475637e+01 1.029630487298590147e+01 1.029918039827077969e+01 1.030106149350726241e+01 1.030213672316446072e+01 1.030186702807431764e+01 1.030017415458069152e+01 1.029717217649546157e+01 1.029295244854723101e+01 1.028703461606546732e+01 6.724999999999997868e+00
1.027885207530907508e+01 1.029902542029938850e+01 1.030207343665386333e+01 1.030340660595261681e+01 1.030596875859441930e+01 1.031004749939953236e+01 1.031503831654976011e+01 1.032008888480716102e+01 1.032289127195331169e+01 1.032445202698121278e+01 1.032529119559691111e+01 1.032486217841838361e+01 1.032318332829219187e+01 1.032028535009698267e+01 1.031608782789066403e+01 1.031014065869783991e+01 6.774999999999997691e+00
1.030369113727854824e+01 1.032300818048602586e+01 1.032589504219345500e+01 1.032725646735799074e+01 1.032988985106073621e+01 1.033411463964852040e+01 1.033928347327335118e+01 1.034454485764547726e+01 1.034764082769691740e+01 1.034918063286021450e+01 1.034985286016813788e+01 1.034929024646252849e+01 1.034738481565063672e+01 1.034415449055790681e+01 1.033942977946061426e+01 1.033282404933551391e+01 6.824999999999997513e+00
1.032747737750257144e+01 1.034802613402104221e+01 1.035097993473961964e+01 1.035219862456374429e+01 1.035459208766924277e+01 1.035850556240572651e+01 1.036330216001631044e+01 1.036822118082288569e+01 1.037131164994501908e+01 1.037266884392634481e+01 1.037312119104529806e+01 1.037244796219227716e+01 1.037051899429267721e+01 1.036727967460802091e+01 1.036246764742847759e+01 1.035590309378432572e+01 6.874999999999997335e+00
1.035232865783708078e+01 1.037193598767571245e+01 1.037474400475949921e+01 1.037592378351832600e+01 1.037833720107277280e+01 1.038235928438981404e+01 1.038729894141624222e+01 1.039238431630035464e+01 1.039578405585303678e+01 1.039720998129137186e+01 1.039754243494550145e+01 1.039667157721976842e+01 1.039443717262072298e+01 1.039075622914843500e+01 1.038533023172198178e+01 1.037809424041002337e+01 6.924999999999997158e+00
1.037597333019386525e+01 1.039674684006559957e+01 1.039984319230600640e+01 1.040091387775370357e+01 1.040305080472525212e+01 1.040672258428338104e+01 1.041127793642882970e+01 1.041598651493841743e+01 1.041934988778735871e+01 1.042071283716467711e+01 1.042088778155721585e+01 1.041990478240152562e+01 1.041758350126483457e+01 1.041380557308892563e+01 1.040831495716609290e+01 1.040125708473591004e+01 6.974999999999996980e+00
1.040088306210332014e+01 1.042057153706857342e+01 1.042364914087579209e+01 1.042458829516147034e+01 1.042663471373621498e+01 1.043035359111340199e+01 1.043501179796762379e+01 1.043983638938995639e+01 1.044345954802470366e+01 1.044494067213662269e+01 1.044501458672153227e+01 1.044379563499276564e+01 1.044110258498677979e+01 1.043681296015534699e+01 1.043068187369294186e+01 1.042320045316650301e+01 7.024999999999996803e+00
1.042448144260514553e+01 1.044515435628513167e+01 1.044861129801294730e+01 1.044957744702184144e+01 1.045141306863761521e+01 1.045472466008751056e+01 1.045896652429797413e+01 1.046338420616732279e+01 1.046687280526714936e+01 1.046833636802614720e+01 1.046830630038411591e+01 1.046696550662231395e+01 1.046415403428854418e+01 1.045977668902893143e+01 1.045371077060215015e+01 1.044628575891166378e+01 7.074999999999996625e+00
1.044939458440241431e+01 1.046890849919725319e+01 1.047240488802688674e+01 1.047329654596153325e+01 1.047488709641554472e+01 1.047814246823337925e+01 1.048242412104622545e+01 1.048689918364328655e+01 1.049055610515743453e+01 1.049213019747080367e+01 1.049200799956396146e+01 1.049040250734825186e+01 1.048718753740938503e+01 1.048227391823896504e+01 1.047559077038426167e+01 1.046836209772034110e+01 7.124999999999996447e+00
1.047305395097991898e+01 1.049324412783546734e+01 1.049713204519055942e+01 1.049811325057745748e+01 1.049972852960388359e+01 1.050257862035224932e+01 1.050638906482213031e+01 1.051041837135423584e+01 1.051381600802919891e+01 1.051533536274981095e+01 1.051513708654720602e+01 1.051341914688879875e+01 1.051012617811044514e+01 1.050522604931435211e+01 1.049874116507765187e+01 1.049099656761118204e+01 7.174999999999996270e+00
1.049778549130511962e+01 1.051694308684381518e+01 1.052082727256302164e+01 1.052180618669714285e+01 1.052327516617246417e+01 1.052581518817054373e+01 1.052957475762135786e+01 1.053359053285959313e+01 1.053704559265529994e+01 1.053862440072179574e+01 1.053832834150544784e+01 1.053633210361336658e+01 1.053263059065018403e+01 1.052720301606446185e+01 1.052067317737836305e+01 1.051319749124471770e+01 7.224999999999996092e+00
1.052142433040206981e+01 1.054100142093889225e+01 1.054523388285263685e+01 1.054633564514165478e+01 1.054792484521877682e+01 1.055034939593559074e+01 1.055361681921426431e+01 1.055714145979106000e+01 1.056021841188378829e+01 1.056165793260695374e+01 1.056129141109515501e+01 1.055922791132349658e+01 1.055553916657311397e+01 1.055023685958062174e+01 1.054343341606255713e+01 1.053532815311117687e+01 7.274999999999995914e+00
1.054585552953448513e+01 1.056464577041833230e+01 1.056877993849473540e+01 1.056990191035318638e+01 1.057146352946313250e+01 1.057359274100877045e+01 1.057656161878275292e+01 1.057998815587240138e+01 1.058300680978317310e+01 1.058443086263070221e+01 1.058394530301890590e+01 1.058159727141594253e+01 1.057750721410782191e+01 1.057205878178552361e+01 1.056549007557761932e+01 1.055762455082469664e+01 7.324999999999995737e+00
1.056936800682430544e+01 1.058838371653216726e+01 1.059281140518080733e+01 1.059404561341713169e+01 1.059578217264496303e+01 1.059800494764042256e+01 1.060073672870355033e+01 1.060366518600704389e+01 1.060622644669150816e+01 1.060742387302636480e+01 1.060685856203793698e+01 1.060450197740738609e+01 1.060049680593822075e+01 1.059486352798584718e+01 1.058774076717673651e+01 1.057919221326367598e+01 7.374999999999995559e+00
1.059341270134717661e+01 1.061196225022896300e+01 1.061621045301880706e+01 1.061742888993444467e+01 1.061918212409573137e+01 1.062128785301949740e+01 1.062364032213795362e+01 1.062623164550310051e+01 1.062862218173151518e+01 1.062971510967324384e+01 1.062899245019525729e+01 1.062634668426649043e+01 1.062227723490964593e+01 1.061680366575612311e+01 1.060989281403337969e+01 1.060157641882912394e+01 7.424999999999995381e+00
1.061676009981204949e+01 1.063533621247508698e+01 1.063983341076594336e+01 1.064112821180547819e+01 1.064304931685933830e+01 1.064535896887191946e+01 1.064774962444626283e+01 1.065009452312012250e+01 1.065203186867904428e+01 1.065284294028018408e+01 1.065201421813453564e+01 1.064938055796520544e+01 1.064507261930491033e+01 1.063909416809321939e+01 1.063157579025122246e+01 1.062278355925850448e+01 7.474999999999995204e+00
1.064037311635574312e+01 1.065885632570433650e+01 1.066311969247599833e+01 1.066434192054454755e+01 1.066623406668206187e+01 1.066855043144866855e+01 1.067074410719832933e+01 1.067270289414286921e+01 1.067421087393273460e+01 1.067475490679590777e+01 1.067382569785312185e+01 1.067120350702563947e+01 1.066698072565941402e+01 1.066114052648378063e+01 1.065381252911711130e+01 1.064500531679184547e+01 7.524999999999995026e+00
1.066358486835751762e+01 1.068184587640909733e+01 1.068631870664487060e+01 1.068757449717266717e+01 1.068958873209250271e+01 1.069214516245818558e+01 1.069448643504820673e+01 1.069641053215537063e+01 1.069774806726137406e+01 1.069807509338364859e+01 1.069689000854793903e+01 1.069392680725487743e+01 1.068926101271188855e+01 1.068286129088229330e+01 1.067488058538081042e+01 1.066630934204464509e+01 7.574999999999994849e+00
1.068674775842113966e+01 1.070538515047126538e+01 1.070955532519138487e+01 1.071069010379618902e+01 1.071258993301100659e+01 1.071513880590100776e+01 1.071743136519879336e+01 1.071913293352329077e+01 1.072014194116649755e+01 1.072019903387044515e+01 1.071887949398509754e+01 1.071589252307879825e+01 1.071127954538746607e+01 1.070499737515544503e+01 1.069720661702321429e+01 1.068786962960575337e+01 7.624999999999994671e+00
1.070989121214610407e+01 1.072801488517839630e+01 1.073233866011516113e+01 1.073346674592893635e+01 1.073542679804004329e+01 1.073817806650319895e+01 1.074065946791084514e+01 1.074240787979123546e+01 1.074329798159718585e+01 1.074311262720108040e+01 1.074148377986089997e+01 1.073809165414671973e+01 1.073298396293672496e+01 1.072608605670447268e+01 1.071837358700341269e+01 1.070928302054382719e+01 7.674999999999994493e+00
1.073261061666414840e+01 1.075171552414731480e+01 1.075563413209055241e+01 1.075661052184783095e+01 1.075837269456043721e+01 1.076098979061017857e+01 1.076342128543055132e+01 1.076508066507062722e+01 1.076578377033888323e+01 1.076537265884614492e+01 1.076359889096778311e+01 1.076014801782508634e+01 1.075508220018547689e+01 1.074831583448156991e+01 1.074003772237327858e+01 1.073012058314734141e+01 7.724999999999994316e+00
1.075579819303125362e+01 1.077417257784682825e+01 1.077803841921001116e+01 1.077897249075061836e+01 1.078072517420401510e+01 1.078345400198528381e+01 1.078604161222129854e+01 1.078778879432599247e+01 1.078842074094137615e+01 1.078776517102762966e+01 1.078565279581342296e+01 1.078175206897327243e+01 1.077614064203622490e+01 1.076937920386681036e+01 1.076131709560197613e+01 1.075165064898700784e+01 7.774999999999994138e+00
1.077810903718849822e+01 1.079797065716154059e+01 1.080151232911045334e+01 1.080229103127582846e+01 1.080378630088554992e+01 1.080622304728184346e+01 1.080863212875856405e+01 1.081030178104903960e+01 1.081083206738752622e+01 1.081001819435539524e+01 1.080779313688111998e+01 1.080386390105867811e+01 1.079830778361715105e+01 1.079103999796434366e+01 1.078225367002363555e+01 1.077205166213988186e+01 7.824999999999993960e+00
1.080147921072218864e+01 1.082061811729266232e+01 1.082375605032955868e+01 1.082438752550619121e+01 1.082571737765810305e+01 1.082813151033832533e+01 1.083060666682599305e+01 1.083235256593367879e+01 1.083283015444053454e+01 1.083178142217941087e+01 1.082919894320661314e+01 1.082481692638072523e+01 1.081931321985005034e+01 1.081219787711311398e+01 1.080363980490959364e+01 1.079335552289594879e+01 7.874999999999993783e+00
1.082362554430117640e+01 1.084399213745912149e+01 1.084723807558545694e+01 1.084782529698454390e+01 1.084897025960854755e+01 1.085100760941472231e+01 1.085317865488717715e+01 1.085475509731253929e+01 1.085512212594581172e+01 1.085397795926822617e+01 1.085132372644675591e+01 1.084696411335012556e+01 1.084087808811180409e+01 1.083310447453426306e+01 1.082390599918782037e+01 1.081388004297714467e+01 7.924999999999993605e+00
1.084700871240125331e+01 1.086660816482033809e+01 1.086963428051740266e+01 1.087010807687099145e+01 1.087100648235364453e+01 1.087268676367442843e+01 1.087456961011483614e+01 1.087609755061981076e+01 1.087638609525680877e+01 1.087501458858141667e+01 1.087229087592551124e+01 1.086797270251349801e+01 1.086194358764827683e+01 1.085435124500385839e+01 1.084526098137275163e+01 1.083433851315098728e+01 7.974999999999993427e+00
1.086932870284214658e+01 1.088932935718903749e+01 1.089259644499492907e+01 1.089304649617536391e+01 1.089384627959718443e+01 1.089539712288542361e+01 1.089719222434343671e+01 1.089850672037868939e+01 1.089862789802040766e+01 1.089720158957858764e+01 1.089411396479115268e+01 1.088937308275587768e+01 1.088271049547635094e+01 1.087448740716726725e+01 1.086562272892765435e+01 1.085500256525295448e+01 8.024999999999993250e+00
1.089217390613497827e+01 1.091164928569733306e+01 1.091491654483010798e+01 1.091530738884667429e+01 1.091593172098940379e+01 1.091718196295072474e+01 1.091868194040181805e+01 1.091974582969437080e+01 1.091970837915187609e+01 1.091823013033384626e+01 1.091508962974987007e+01 1.091042635531576543e+01 1.090383073814459003e+01 1.089576003634486767e+01 1.088609678898568589e+01 1.087458767555471972e+01 8.074999999999993960e+00
1.091441476280441059e+01 1.093360136974716745e+01 1.093718237955664563e+01 1.093756465481181905e+01 1.093811913282995718e+01 1.093926656609710335e+01 1.094068263606625457e+01 1.094159593973527933e+01 1.094136092167005359e+01 1.093966604268769593e+01 1.093611826775893014e+01 1.093099656178394419e+01 1.092384962929311776e+01 1.091598060327610220e+01 1.090655626978167092e+01 1.089535042927393782e+01 8.124999999999992895e+00
1.093654142246088945e+01 1.095570114262664596e+01 1.095924671872651679e+01 1.095959502367866811e+01 1.096005946012315668e+01 1.096103050139678459e+01 1.096223319262479379e+01 1.096288363241961683e+01 1.096245672176302755e+01 1.096071904343038028e+01 1.095713234374365541e+01 1.095207381746363495e+01 1.094491054606368330e+01 1.093634381305776415e+01 1.092606330778574986e+01 1.091507940603496252e+01 8.174999999999991829e+00
1.095851576116358395e+01 1.097684586177853028e+01 1.098071614515062855e+01 1.098105920960104953e+01 1.098148425529867112e+01 1.098239489736866581e+01 1.098352415684471417e+01 1.098399079936666034e+01 1.098331589157414889e+01 1.098132534763414725e+01 1.097729201962681422e+01 1.097205540525753875e+01 1.096500416531605637e+01 1.095665578639057891e+01 1.094663320198395340e+01 1.093484042689439306e+01 8.224999999999992539e+00
1.097982260017664480e+01 1.099903956118100723e+01 1.100266838089649113e+01 1.100295297274053397e+01 1.100330845136835123e+01 1.100410552587687363e+01 1.100506989696334692e+01 1.100532198986588739e+01 1.100446454451485501e+01 1.100240717012622405e+01 1.099836849236070258e+01 1.099283809883903551e+01 1.098512981268702760e+01 1.097602184598029318e+01 1.096613584660599905e+01 1.095470881966452481e+01 8.274999999999993250e+00
1.100172463305600701e+01 1.102008427701528781e+01 1.102348413381902148e+01 1.102371328022501373e+01 1.102400279331960142e+01 1.102469217973990112e+01 1.102555712980034741e+01 1.102561246396433070e+01 1.102451831668432547e+01 1.102239757170681855e+01 1.101835382114388828e+01 1.101286557123296816e+01 1.100533831566107423e+01 1.099644004522809659e+01 1.098577912518177868e+01 1.097354861164101081e+01 8.324999999999992184e+00
1.102249561242671838e+01 1.104184618882588254e+01 1.104538629274457939e+01 1.104555087608440900e+01 1.104577754100868958e+01 1.104642454123899675e+01 1.104713760743249296e+01 1.104701810708875875e+01 1.104571814608248559e+01 1.104324361931276854e+01 1.103874042602261873e+01 1.103266382879641050e+01 1.102450322152615492e+01 1.101580381833989897e+01 1.100541225877358187e+01 1.099336290528867011e+01 8.374999999999991118e+00
1.104426176335971022e+01 1.106304666060541564e+01 1.106633113131814028e+01 1.106640651685738419e+01 1.106654013409969117e+01 1.106707137267249408e+01 1.106760681446817252e+01 1.106732148258926429e+01 1.106588007880992741e+01 1.106330115209722109e+01 1.105881142834810404e+01 1.105279349690898094e+01 1.104478821833535562e+01 1.103525996482970051e+01 1.102403439879754288e+01 1.101232019262763906e+01 8.424999999999991829e+00
1.106519598706761798e+01 1.108406884717037855e+01 1.108751390411800664e+01 1.108750649798983900e+01 1.108755032701647281e+01 1.108801098488763870e+01 1.108840723630330949e+01 1.108792251303831833e+01 1.108619188709957015e+01 1.108318878001210805e+01 1.107818434980448963e+01 1.107188997712266243e+01 1.106408821456864722e+01 1.105475396733226390e+01 1.104368826014211180e+01 1.103091838391968160e+01 8.474999999999992539e+00
1.108622056681603318e+01 1.110528087859790247e+01 1.110857766964642046e+01 1.110848544113243364e+01 1.110842429013717769e+01 1.110875260488387362e+01 1.110895011246859632e+01 1.110831283579738127e+01 1.110648950298208426e+01 1.110336133445095363e+01 1.109835511485331061e+01 1.109178093260623399e+01 1.108326834112109616e+01 1.107325112617937712e+01 1.106244614202390331e+01 1.104995800689381724e+01 8.524999999999991473e+00
1.110724832556583408e+01 1.112545934341975595e+01 1.112896390053748874e+01 1.112877521342915799e+01 1.112859691499117609e+01 1.112881952640782934e+01 1.112883146672756318e+01 1.112796262799040115e+01 1.112583950028464663e+01 1.112250671984000405e+01 1.111749880196653173e+01 1.111100731831871435e+01 1.110268504651749133e+01 1.109267229433665847e+01 1.108085209268147153e+01 1.106802814870987106e+01 8.574999999999990408e+00
1.112745445954537260e+01 1.114672539325370693e+01 1.115004266261988697e+01 1.114978669763210739e+01 1.114950577349391381e+01 1.114958086465916587e+01 1.114940499315276945e+01 1.114838655371094589e+01 1.114621247980464425e+01 1.114248680372105049e+01 1.113690161709324755e+01 1.112974149754923303e+01 1.112111785002294795e+01 1.111130531896223772e+01 1.109969494709022086e+01 1.108633090261504606e+01 8.624999999999991118e+00
1.114850236256518023e+01 1.116691976842368383e+01 1.117005918815868526e+01 1.116973933567187061e+01 1.116936095752090274e+01 1.116929596252416346e+01 1.116894174372206017e+01 1.116778124250669890e+01 1.116555878976674521e+01 1.116173251097578856e+01 1.115614706503937903e+01 1.114903537382081034e+01 1.114016346707203375e+01 1.112944856079649192e+01 1.111758824058735584e+01 1.110445789902193958e+01 8.674999999999991829e+00
1.116849624448079226e+01 1.118733620799092243e+01 1.119059225132600943e+01 1.119015776908611315e+01 1.118963244839497939e+01 1.118940397935120323e+01 1.118883920656392128e+01 1.118740745189258412e+01 1.118488226582704392e+01 1.118055112657942729e+01 1.117442875387488144e+01 1.116736306582439298e+01 1.115867271071583744e+01 1.114814438526254747e+01 1.113563009927822556e+01 1.112167714529569196e+01 8.724999999999990763e+00
1.118883688661204445e+01 1.120759051121388694e+01 1.121061116756161624e+01 1.121009586070908171e+01 1.120946775857995092e+01 1.120908667371147693e+01 1.120836409856576310e+01 1.120679422341020448e+01 1.120419472991028975e+01 1.119978347382164863e+01 1.119366390426327840e+01 1.118581824038014894e+01 1.117639809132971074e+01 1.116591066881397509e+01 1.115354249490990135e+01 1.113950848567810858e+01 8.774999999999989697e+00
1.120883788410194626e+01 1.122703132402490667e+01 1.123011050687500045e+01 1.122945340841535966e+01 1.122865772199243217e+01 1.122808134566219884e+01 1.122712380068166382e+01 1.122524832848391441e+01 1.122255480812659556e+01 1.121806738612451326e+01 1.121201068030028836e+01 1.120413445249669060e+01 1.119492744745917179e+01 1.118361542688077748e+01 1.117057154844866140e+01 1.115681615600983712e+01 8.824999999999990408e+00
1.122814598369729389e+01 1.124718485447947991e+01 1.125003563490618852e+01 1.124927445893885114e+01 1.124838891587579859e+01 1.124767642167582693e+01 1.124659080717816018e+01 1.124460089382248107e+01 1.124153700849586279e+01 1.123652190961211872e+01 1.122993002013525299e+01 1.122155576830682477e+01 1.121255149345928714e+01 1.120135795484230457e+01 1.118805652553654895e+01 1.117327820552467443e+01 8.874999999999991118e+00
1.124804876523530872e+01 1.126636407785565375e+01 1.126899749780015547e+01 1.126813727587295233e+01 1.126716622022059688e+01 1.126632418866561736e+01 1.126511669607406851e+01 1.126301787413106759e+01 1.125983691946634835e+01 1.125475544765876279e+01 1.124828250620530135e+01 1.123955444605465992e+01 1.122978331917404304e+01 1.121824273380443948e+01 1.120515741611553295e+01 1.119059346510856656e+01 8.924999999999990052e+00
1.126700085499069814e+01 1.128557392100959689e+01 1.128825249318011004e+01 1.128720898937893935e+01 1.128605952590944916e+01 1.128501017228005132e+01 1.128356050987099302e+01 1.128113685537511302e+01 1.127750585219324009e+01 1.127211802830902521e+01 1.126575835311492746e+01 1.125704784771509459e+01 1.124745268159257883e+01 1.123531863563520972e+01 1.122144145222028477e+01 1.120727552242706260e+01 8.974999999999988987e+00
1.128650063413806670e+01 1.130504327618612415e+01 1.130752084309049721e+01 1.130638607498462989e+01 1.130516395813583053e+01 1.130400816751603443e+01 1.130245481740089097e+01 1.129994097144584053e+01 1.129623681687440140e+01 1.129053173412758326e+01 1.128356295568720391e+01 1.127402692700732700e+01 1.126460254823206952e+01 1.125259447748284281e+01 1.123873713313988532e+01 1.122346711165975641e+01 9.025000000000000355e+00
1.130627206248241912e+01 1.132395913557183320e+01 1.132638968166353521e+01 1.132502015088724612e+01 1.132372526899391652e+01 1.132246606728908311e+01 1.132081197721359800e+01 1.131821050385928551e+01 1.131443527752474054e+01 1.130873494772532517e+01 1.130184129997611464e+01 1.129242213257595395e+01 1.128199141285371532e+01 1.126937918309823594e+01 1.125596187280365079e+01 1.124102757876293524e+01 9.075000000000001066e+00
1.132557195028338448e+01 1.134439627398969819e+01 1.134677704412632160e+01 1.134534161483557391e+01 1.134378693778669245e+01 1.134225857443959740e+01 1.134029042755044436e+01 1.133728407868283306e+01 1.133301612687819748e+01 1.132663259179784632e+01 1.131962324804946363e+01 1.131043356298515334e+01 1.130008111095494172e+01 1.128706122472714490e+01 1.127271882963938765e+01 1.125830326553911043e+01 9.125000000000001776e+00
1.134670812102100612e+01 1.136440462950696784e+01 1.136661822167896752e+01 1.136511865931910847e+01 1.136345931741226778e+01 1.136181438537002286e+01 1.135972998679342894e+01 1.135662882998999201e+01 1.135236161214545803e+01 1.134612052910421554e+01 1.133844814336146634e+01 1.132836444057625158e+01 1.131768617941612121e+01 1.130496082700915217e+01 1.129095621877070599e+01 1.127513197362943487e+01 9.175000000000002487e+00
1.136690852339883584e+01 1.138466131400883086e+01 1.138699364006145132e+01 1.138525055422105758e+01 1.138324816508071180e+01 1.138125003655493828e+01 1.137875846771089172e+01 1.137513330539350598e+01 1.137085060863607922e+01 1.136474567080984421e+01 1.135709409757129684e+01 1.134739048902650715e+01 1.133579138864076619e+01 1.132206795454839465e+01 1.130868605551338213e+01 1.129339265199324416e+01 9.225000000000003197e+00
1.138753378871231448e+01 1.140528337008933768e+01 1.140745249899943659e+01 1.140569546354140051e+01 1.140357743733500939e+01 1.140144936591706504e+01 1.139884490058634370e+01 1.139516185140180404e+01 1.139028983730569955e+01 1.138351097209644536e+01 1.137484167635009413e+01 1.136549984883294151e+01 1.135396076218503936e+01 1.134031450824600462e+01 1.132564073387301740e+01 1.131077351779227769e+01 9.275000000000003908e+00
1.140807634184366393e+01 1.142485852901711674e+01 1.142711586848820104e+01 1.142511606308856820e+01 1.142287467586982785e+01 1.142062325822705304e+01 1.141791162770094914e+01 1.141417363032793020e+01 1.140928140250767164e+01 1.140267496677307513e+01 1.139406769159665878e+01 1.138373582442564391e+01 1.137120775120295590e+01 1.135804411554186721e+01 1.134391499532890890e+01 1.132757253690192378e+01 9.325000000000004619e+00
1.142891824674525481e+01 1.144687907614145850e+01 1.144893682558490333e+01 1.144697708694872773e+01 1.144436686156228689e+01 1.144168149704373860e+01 1.143850307852896542e+01 1.143422484499797065e+01 1.142860814558769889e+01 1.142173375210708031e+01 1.141321060679963928e+01 1.140315677412731787e+01 1.139028544333665316e+01 1.137577474817215517e+01 1.136208893203168202e+01 1.134615065760709562e+01 9.375000000000005329e+00
1.145133238054341795e+01 1.146851570239963181e+01 1.147035916196125349e+01 1.146843875815720892e+01 1.146574774081204673e+01 1.146293692959710953e+01 1.145967332134791761e+01 1.145541416553638925e+01 1.144972188800975488e+01 1.144247642447797020e+01 1.143295511544985388e+01 1.142222294594616550e+01 1.140955116544088277e+01 1.139560215258841147e+01 1.138055435571355112e+01 1.136438939705481665e+01 9.425000000000006040e+00
1.147276644231060416e+01 1.149097400618600240e+01 1.149280170138797530e+01 1.149066419518349136e+01 1.148757060935724006e+01 1.148428728940267440e+01 1.148052493920330974e+01 1.147576001713186322e+01 1.146991241882776613e+01 1.146272306666053176e+01 1.145336755656311389e+01 1.144239045293852186e+01 1.142836364162304008e+01 1.141456259133513740e+01 1.139977352509520792e+01 1.138263765645236170e+01 9.475000000000006750e+00
1.149548963958248748e+01 1.151315630134059909e+01 1.151474613726722040e+01 1.151261783355810486e+01 1.150946282937517751e+01 1.150606971241835197e+01 1.150220986231424192e+01 1.149744972930708364e+01 1.149087368761889039e+01 1.148282813458428464e+01 1.147282989763446714e+01 1.146195076349307662e+01 1.144822762521098980e+01 1.143354880042978294e+01 1.141809813544134400e+01 1.140123181095516003e+01 9.525000000000007461e+00
1.151735390960738670e+01 1.153513545794964124e+01 1.153667156332606680e+01 1.153431460041881529e+01 1.153079748758793244e+01 1.152695243087780241e+01 1.152282059301268546e+01 1.151806501183694387e+01 1.151138060943955921e+01 1.150326700219642717e+01 1.149312712425473215e+01 1.148113505199991558e+01 1.146710761912358656e+01 1.145277381329286115e+01 1.143663504302026901e+01 1.141890487850822034e+01 9.575000000000008171e+00
1.154007994750621080e+01 1.155771682060617600e+01 1.155908788944398324e+01 1.155668289955709405e+01 1.155314513489891226e+01 1.154921148220919669e+01 1.154472864723419612e+01 1.153944431058249798e+01 1.153199423749486030e+01 1.152322342031259517e+01 1.151317869551306750e+01 1.150122962435047391e+01 1.148664124963920408e+01 1.147154502910896490e+01 1.145545221150554482e+01 1.143734219760695403e+01 9.625000000000008882e+00
1.156243369665737930e+01 1.157953396133171431e+01 1.158084571790850426e+01 1.157819928377485574e+01 1.157440733681725575e+01 1.157038939133461497e+01 1.156577873176531845e+01 1.156041063654694767e+01 1.155280209188517304e+01 1.154379477807280630e+01 1.153288326088789262e+01 1.152034818519201664e+01 1.150600913839465100e+01 1.149073393477427629e+01 1.147335541314005525e+01 1.145549785604705129e+01 9.675000000000009592e+00
1.158436476772027213e+01 1.160158204124260095e+01 1.160273867391722824e+01 1.160003829776341533e+01 1.159619108721999048e+01 1.159173273449370889e+01 1.158664260790418510e+01 1.158076116540169664e+01 1.157258938022135908e+01 1.156351268361344076e+01 1.155259259110800762e+01 1.153974558337031198e+01 1.152442708731329013e+01 1.150928490675228133e+01 1.149186553892988272e+01 1.147276303109819828e+01 9.725000000000010303e+00
1.160695369345787853e+01 1.162332570060975812e+01 1.162432935119696786e+01 1.162157577780708095e+01 1.161772065430639778e+01 1.161313397663427160e+01 1.160793121360631730e+01 1.160194045858838763e+01 1.159343737988052148e+01 1.158362298558970771e+01 1.157202979218824446e+01 1.155928768102326920e+01 1.154415760747287401e+01 1.152780975026523613e+01 1.151027668950768756e+01 1.149134572383582764e+01 9.775000000000011013e+00
1.162936486797148739e+01 1.164629573503598969e+01 1.164715568563972958e+01 1.164406276241762583e+01 1.163982376997183366e+01 1.163471591271211203e+01 1.162900788709607980e+01 1.162261076912416158e+01 1.161396784710891872e+01 1.160418630706597654e+01 1.159234757522912496e+01 1.157866548123304007e+01 1.156346376702202683e+01 1.154725687128787293e+01 1.152858441952920820e+01 1.150971151089984446e+01 9.825000000000011724e+00
1.165306687307253775e+01 1.166907300270491987e+01 1.166970061900638100e+01 1.166649782722488915e+01 1.166216908862442558e+01 1.165687872940202041e+01 1.165113123058227806e+01 1.164446542152825792e+01 1.163501962047984328e+01 1.162444493699827319e+01 1.161261078382825396e+01 1.159916279691186070e+01 1.158322010042359551e+01 1.156641583976973209e+01 1.154813620075372071e+01 1.152813621583122838e+01 9.875000000000012434e+00
1.167645365523591927e+01 1.169313113963422346e+01 1.169354067690213483e+01 1.168983406300121963e+01 1.168495648116518026e+01 1.167897749388152384e+01 1.167282187370535418e+01 1.166608688825151319e+01 1.165663082139913698e+01 1.164619381360335559e+01 1.163326874213433193e+01 1.161925921496222180e+01 1.160370272836803451e+01 1.158632570529626626e+01 1.156730557762597655e+01 1.154796952194655901e+01 9.925000000000013145e+00
1.170155749245088117e+01 1.171707315755434564e+01 1.171719718494388296e+01 1.171328974842460369e+01 1.170826620081701996e+01 1.170221360877743599e+01 1.169584886403345614e+01 1.168834538817548108e+01 1.167790158796384326e+01 1.166734336838743324e+01 1.165457884761314666e+01 1.164031025748791137e+01 1.162357138247229038e+01 1.160655766512860332e+01 1.158728780961413385e+01 1.156720831786758197e+01 9.975000000000013856e+00
1.172646673688430674e+01 1.174246302845784484e+01 1.174230726172165795e+01 1.173774627002278592e+01 1.173200566811784817e+01 1.172514148361671182e+01 1.171878011874441761e+01 1.171122921487886082e+01 1.170102097798294949e+01 1.168983411013119955e+01 1.167567219707189885e+01 1.166170783664890287e+01 1.164544124787770230e+01 1.162672070963896154e+01 1.160795638664348850e+01 1.158774149209859416e+01 1.002500000000001457e+01
1.175349502522111500e+01 1.176811036136751198e+01 1.176767752089642904e+01 1.176293349116244968e+01 1.175713750223216358e+01 1.175046409182334450e+01 1.174329992029898762e+01 1.173470308384323424e+01 1.172357434842151491e+01 1.171270063021757402e+01 1.169898484697571206e+01 1.168366924034325116e+01 1.166695055764486710e+01 1.164894445535315803e+01 1.162860148094127055e+01 1.160883500522630030e+01 1.007500000000001528e+01
1.178092863109726629e+01 1.179588646564605092e+01 1.179513567234242366e+01 1.178964492951876153e+01 1.178304789536516495e+01 1.177563878465824487e+01 1.176841542469362878e+01 1.175979691685516570e+01 1.174902602146803154e+01 1.173690542412501436e+01 1.172208383193053827e+01 1.170731885097217173e+01 1.169032230388557991e+01 1.167096451613604380e+01 1.165167002445319255e+01 1.163050898908917397e+01 1.012500000000001599e+01
1.181122023003245580e+01 1.182472844596835415e+01 1.182373261154353905e+01 1.181818399304470724e+01 1.181170394021071601e+01 1.180472539637485063e+01 1.179655749654263985e+01 1.178664638004976339e+01 1.177485642587743264e+01 1.176311786672681947e+01 1.174866114501223180e+01 1.173215420409382048e+01 1.171510440936671849e+01 1.169620524303046949e+01 1.167488881099171394e+01 1.165498292475447961e+01 1.017500000000001670e+01
1.184409216784860597e+01 1.185803963554219287e+01 1.185668881861592894e+01 1.185038346281741006e+01 1.184310483517414347e+01 1.183551956549086270e+01 1.182615351022358219e+01 1.181618890275425748e+01 1.180526921432084464e+01 1.179203284534951202e+01 1.177615203649948050e+01 1.176024045179370425e+01 1.174278626622606225e+01 1.172238396874592326e+01 1.170245540673064788e+01 1.168054744893892405e+01 1.022500000000001741e+01
1.187845798751517634e+01 1.189293420537695134e+01 1.189119134333025585e+01 1.188408748318922115e+01 1.187594804863385534e+01 1.186869308846789828e+01 1.185956686805676874e+01 1.184846732907358913e+01 1.183668586953061919e+01 1.182221836943855031e+01 1.180752432845668665e+01 1.178997130620715517e+01 1.177151884725064868e+01 1.175218495294881116e+01 1.173021808923567377e+01 1.170906042912498357e+01 1.027500000000001812e+01
1.191676616848225656e+01 1.193055798497328190e+01 1.192843190186716207e+01 1.192119293219124465e+01 1.191337304761306548e+01 1.190547086001837940e+01 1.189534941026876425e+01 1.188297572031908089e+01 1.187100980857976751e+01 1.185674765579938317e+01 1.184084111713464971e+01 1.182197999532140464e+01 1.180442335092947737e+01 1.178339471126959559e+01 1.176179523537964755e+01 1.173952476571484027e+01 1.032500000000001883e+01
1.195919754851566985e+01 1.197255023526637174e+01 1.197038624121528905e+01 1.196311444542263125e+01 1.195456902552203715e+01 1.194577882803280566e+01 1.193480211872607555e+01 1.192190133004471875e+01 1.191015483133206132e+01 1.189454742686637623e+01 1.187750369909230486e+01 1.185918975723009972e+01 1.184021489139300698e+01 1.181877380659024190e+01 1.179672915721965865e+01 1.177297704844858828e+01 1.037500000000001954e+01
1.200453466607632258e+01 1.201776843160621588e+01 1.201537849428231830e+01 1.200786497561986010e+01 1.199873846825604851e+01 1.198900800793495414e+01 1.197731382301153147e+01 1.196471494558317872e+01 1.195199724772989924e+01 1.193533901051070600e+01 1.191818682359820514e+01 1.189907213091521676e+01 1.187876914920263260e+01 1.185771898532709123e+01 1.183412365312243963e+01 1.181083754046617962e+01 1.042500000000002025e+01
1.205261382184750296e+01 1.206549980901110963e+01 1.206292318077031389e+01 1.205531643739107395e+01 1.204576638121874232e+01 1.203518208183337102e+01 1.202306555092068940e+01 1.201034328717786259e+01 1.199667688880511385e+01 1.197928205539891167e+01 1.196184225405466250e+01 1.194196118650704719e+01 1.192103506084856690e+01 1.189930260170335963e+01 1.187453567573412272e+01 1.185125523003078207e+01 1.047500000000002096e+01
1.210381502640188245e+01 1.211630074447819894e+01 1.211355586286190800e+01 1.210590373001873132e+01 1.209605436549927404e+01 1.208483361839054204e+01 1.207220625867739372e+01 1.205929345277764853e+01 1.204479404265694953e+01 1.202686801086014867e+01 1.200882536782119558e+01 1.198851215649746749e+01 1.196702006838002141e+01 1.194431746484802126e+01 1.191939520484913473e+01 1.189514379046122983e+01 1.052500000000002167e+01
1.215820575321268926e+01 1.217034398717598975e+01 1.216744309608764496e+01 1.215971594391410093e+01 1.214965541728148679e+01 1.213805278786168707e+01 1.212467335578331173e+01 1.211164311432890806e+01 1.209649707078734338e+01 1.207814753657983431e+01 1.205939336932170036e+01 1.203882884724004043e+01 1.201646501007797951e+01 1.199309503475440053e+01 1.196777034936422979e+01 1.194289350236218539e+01 1.057500000000002238e+01
1.221591825592507874e+01 1.222803126682095431e+01 1.222467693752640727e+01 1.221682177859485741e+01 1.220662783725484246e+01 1.219485676797638263e+01 1.218120865223372107e+01 1.216737661883446897e+01 1.215178140819218733e+01 1.213313903539358662e+01 1.211360977332646982e+01 1.209284871537908757e+01 1.206945912519774211e+01 1.204577405077542629e+01 1.201985171782030193e+01 1.199460578619296136e+01 1.062500000000002309e+01
1.227759020593230588e+01 1.229027761820714382e+01 1.228672000548396248e+01 1.227778252351073185e+01 1.226723544143887068e+01 1.225544364756620475e+01 1.224178703948695457e+01 1.222681629295280992e+01 1.221075841214390145e+01 1.219204239865266715e+01 1.217157645610886441e+01 1.215065374749174687e+01 1.212632828071097535e+01 1.210251945992114031e+01 1.207594091834779171e+01 1.205040108322985581e+01 1.067500000000002380e+01
1.234436151885530819e+01 1.235640889720207625e+01 1.235268453546003897e+01 1.234355083869617431e+01 1.233205314119140006e+01 1.231958264792626068e+01 1.230606282434367849e+01 1.229078754892847414e+01 1.227314671689513226e+01 1.225460262348123308e+01 1.223388622088253896e+01 1.221195137300227351e+01 1.218779972863392480e+01 1.216300000069739440e+01 1.213674439621761536e+01 1.210996332365529682e+01 1.072500000000002451e+01
1.241520443000357865e+01 1.242655956418759899e+01 1.242251784115368629e+01 1.241323426355957338e+01 1.240167780815353282e+01 1.238864164176978733e+01 1.237391902757331685e+01 1.235840235296954326e+01 1.234053396818944037e+01 1.232073528508417048e+01 1.230024848650811187e+01 1.227689847783566179e+01 1.225307518716868138e+01 1.222730603350946943e+01 1.220140943783439624e+01 1.217318924148046833e+01 1.077500000000002522e+01
1.249195296598110616e+01 1.250323060364883787e+01 1.249875548223248778e+01 1.248835928221165581e+01 1.247546059170332100e+01 1.246241768695186281e+01 1.244778866238005399e+01 1.243043703019896284e+01 1.241212166946940876e+01 1.239236222870687953e+01 1.237041139450286664e+01 1.234746062979902348e+01 1.232227255580887260e+01 1.229715114542120347e+01 1.227002283535783711e+01 1.224210612977600121e+01 1.082500000000002593e+01
1.257315028719626326e+01 1.258399581734864547e+01 1.257887040369128329e+01 1.256813211912443506e+01 1.255529723308241863e+01 1.254086074720441069e+01 1.252481094791735217e+01 1.250762190877855673e+01 1.248808363345535888e+01 1.246753001459599197e+01 1.244558360138008268e+01 1.242111804161313238e+01 1.239669523528261408e+01 1.237009047795637429e+01 1.234358765038941463e+01 1.231455723366386401e+01 1.087500000000002665e+01
1.265899801014486847e+01 1.266860556394579085e+01 1.266331078340250471e+01 1.265194161916857674e+01 1.263790705613744692e+01 1.262222764125474761e+01 1.260629297767848023e+01 1.258755106744352936e+01 1.256709531717179118e+01 1.254625057087136142e+01 1.252279263867743886e+01 1.249872855320253429e+01 1.247298019260952096e+01 1.244682624348310185e+01 1.241934665147451433e+01 1.239037474608925216e+01 1.092500000000002736e+01
1.274866199988540849e+01 1.275774625141773733e+01 1.275170514388928744e+01 1.273931863470036063e+01 1.272425245033440611e+01 1.270838109153677387e+01 1.269090305201416946e+01 1.267107711704257156e+01 1.265028144240114827e+01 1.262773885342899760e+01 1.260462319482492077e+01 1.257893514539626700e+01 1.255384555596039675e+01 1.252602733806421398e+01 1.249932897652161756e+01 1.246942324015649817e+01 1.097500000000002807e+01
1.284151751297514998e+01 1.284992758857492490e+01 1.284306106517111701e+01 1.282964123931478007e+01 1.281452514240054441e+01 1.279721191548381043e+01 1.277818084643244667e+01 1.275821970765994706e+01 1.273590004037640355e+01 1.271295516439772477e+01 1.268861418410794606e+01 1.266277616346390289e+01 1.263670855767361623e+01 1.260918376077963998e+01 1.258129493210152638e+01 1.255209009781695073e+01 1.102500000000002878e+01
1.293692290803194389e+01 1.294448847326626684e+01 1.293670769041698954e+01 1.292250829774764753e+01 1.290684016025183922e+01 1.288811264208844598e+01 1.286827999239205766e+01 1.284723091151337115e+01 1.282360021060252464e+01 1.280018317241639458e+01 1.277441625650137524e+01 1.274866006551657804e+01 1.272157074103276031e+01 1.269402295138209347e+01 1.266593281124550785e+01 1.263642396398049605e+01 1.107500000000002949e+01
1.303497952438816299e+01 1.304149250765847867e+01 1.303270883192460161e+01 1.301796989300729912e+01 1.300124726249130980e+01 1.298115909436647186e+01 1.296068879885714686e+01 1.293825298177281624e+01 1.291425632537977997e+01 1.288935934458509713e+01 1.286338309264179003e+01 1.283642995786185459e+01 1.280933797444424904e+01 1.278071993622571334e+01 1.275297012455491874e+01 1.272294317320830181e+01 1.112500000000003020e+01
1.313386284290453609e+01 1.313913831778081054e+01 1.312926836877216275e+01 1.311393996624639691e+01 1.309602116865823973e+01 1.307463927874571930e+01 1.305348113134681753e+01 1.302963234510852608e+01 1.300526311939821866e+01 1.297891374168852430e+01 1.295271031974436937e+01 1.292460805135972457e+01 1.289743788441193395e+01 1.286855115081344358e+01 1.284037693521068313e+01 1.281107278351078627e+01 1.117500000000003091e+01
1.323268149103025415e+01 1.323654471874930394e+01 1.322551003137102299e+01 1.320958627822646925e+01 1.319029197005707488e+01 1.316829419220941055e+01 1.314580690873797764e+01 1.312095781021897700e+01 1.309580839974621647e+01 1.306873146516694284e+01 1.304162766255156747e+01 1.301359479650956885e+01 1.298513500697519873e+01 1.295664812203430039e+01 1.292741058304881818e+01 1.289891625909896611e+01 1.122500000000003162e+01
1.333221388001727625e+01 1.333446271942084849e+01 1.332246156408834104e+01 1.330554387512368564e+01 1.328470722894103417e+01 1.326213762078297265e+01 1.323824217493007893e+01 1.321288411966241227e+01 1.318645062540408297e+01 1.315911283012565214e+01 1.313069568480580784e+01 1.310276212404003360e+01 1.307323572637407594e+01 1.304497697049356475e+01 1.301582741321158743e+01 1.298704353177704185e+01 1.127500000000003233e+01
1.343332235957464960e+01 1.343371986063066537e+01 1.342056403916616070e+01 1.340245727421448585e+01 1.337993663766829933e+01 1.335676164833019008e+01 1.333135058792982264e+01 1.330548683939858101e+01 1.327771842294523452e+01 1.325015969775912161e+01 1.322095393620843318e+01 1.319261153624249161e+01 1.316316416826767188e+01 1.313405615401260818e+01 1.310529534335323554e+01 1.307598529693814093e+01 1.132500000000003304e+01
1.353714762875578437e+01 1.353541637569750833e+01 1.352067265411302799e+01 1.350118931948220435e+01 1.347689180869087089e+01 1.345293622187192817e+01 1.342589899720996449e+01 1.339946802119970037e+01 1.337086407136085064e+01 1.334252264772261043e+01 1.331312742664624160e+01 1.328378397683128220e+01 1.325444967372808946e+01 1.322459932328876775e+01 1.319618741387139771e+01 1.316744862572672403e+01 1.137500000000003375e+01
1.364492017652267641e+01 1.364077123880141862e+01 1.362380328481136438e+01 1.360275118814079853e+01 1.357666764308197571e+01 1.355156019805463430e+01 1.352309224397169629e+01 1.349565727888622924e+01 1.346632059432509543e+01 1.343697383204266771e+01 1.340731059764992850e+01 1.337703611315367702e+01 1.334780922419280635e+01 1.331818604083102286e+01 1.328923438139031532e+01 1.326111805493666829e+01 1.142500000000003446e+01
1.375764361989101481e+01 1.375085808144034871e+01 1.373172840675204220e+01 1.370817108567106857e+01 1.368042076915371830e+01 1.365358696564711849e+01 1.362343792524990960e+01 1.359496778761050528e+01 1.356461347679455010e+01 1.353438268652203647e+01 1.350429961023829328e+01 1.347345189970939572e+01 1.344403359491499828e+01 1.341450324953343909e+01 1.338523950465869028e+01 1.335761914078691071e+01 1.147500000000003517e+01
1.387448794040465927e+01 1.386503892215154643e+01 1.384390171943158343e+01 1.381712557948157460e+01 1.378792855803755657e+01 1.375876152966419674e+01 1.372689507600748726e+01 1.369717785267317645e+01 1.366552803430429464e+01 1.363451378214023002e+01 1.360384283273111983e+01 1.357247808604678596e+01 1.354284279561693261e+01 1.351326039155174286e+01 1.348390836314404417e+01 1.345664296507769464e+01 1.152500000000003588e+01
1.399548733314933635e+01 1.398206028343830098e+01 1.395828474145469578e+01 1.392857577747430575e+01 1.389774167845685859e+01 1.386582399775998731e+01 1.383267573045316468e+01 1.380113787616616250e+01 1.376801521088217761e+01 1.373624397576143608e+01 1.370486005144762309e+01 1.367283467029766264e+01 1.364311332252670184e+01 1.361338155270841277e+01 1.358408293870198236e+01 1.355707307009010520e+01 1.157500000000003659e+01
1.411572413156474326e+01 1.410011105157383682e+01 1.407278412279603863e+01 1.404162933627011078e+01 1.400821051919417037e+01 1.397344286647763134e+01 1.393925392538053210e+01 1.390568214264946079e+01 1.387103967871965615e+01 1.383848192896494211e+01 1.380631762258331996e+01 1.377356904861332687e+01 1.374378687594391835e+01 1.371387291714350809e+01 1.368468195507240814e+01 1.365788290168001140e+01 1.162500000000003730e+01
1.423980070951500210e+01 1.422095059855664978e+01 1.419268179086654058e+01 1.415868940850588586e+01 1.412278278270490262e+01 1.408670696904836639e+01 1.405056589738246231e+01 1.401463081427863600e+01 1.397883042893346506e+01 1.394533614944779565e+01 1.391209239932355324e+01 1.387895633297426023e+01 1.384891046543748239e+01 1.381854127748387739e+01 1.378989340432281452e+01 1.376296950030832278e+01 1.167500000000003801e+01
1.436460159928555491e+01 1.434438442067545694e+01 1.431391438337035282e+01 1.427780939138663285e+01 1.424164662371819290e+01 1.420306580971303667e+01 1.416495278051542961e+01 1.412690925747045867e+01 1.409090937209291994e+01 1.405568462150898945e+01 1.402116336680612640e+01 1.398838379337322557e+01 1.395754272298267473e+01 1.392679584349448518e+01 1.389881504838021797e+01 1.387147112131417259e+01 1.172500000000003872e+01
1.448642127344707120e+01 1.446450180917640616e+01 1.443323228548201698e+01 1.439701680883769619e+01 1.435912367194810635e+01 1.431847943063250739e+01 1.427948035130896010e+01 1.424082523918507981e+01 1.420318070116952214e+01 1.416637894581278445e+01 1.413163347632840328e+01 1.409848319930115856e+01 1.406676313207304752e+01 1.403697916412451185e+01 1.400850798598960978e+01 1.398170968893443344e+01 1.177500000000003944e+01
1.460669696176244692e+01 1.458336883499908154e+01 1.455232955527538685e+01 1.451503036133519942e+01 1.447610725963357936e+01 1.443552188882836518e+01 1.439631069379264616e+01 1.435583219949627853e+01 1.431680108510673932e+01 1.427923644205640485e+01 1.424466330523300073e+01 1.421056684571453310e+01 1.417836629986038943e+01 1.414938817617863975e+01 1.412032117506904072e+01 1.409499536223614236e+01 1.182500000000004015e+01
1.472928751667304148e+01 1.470620243545333139e+01 1.467391322210540672e+01 1.463780715090109474e+01 1.459966916715270990e+01 1.455820147121795749e+01 1.451787571169800550e+01 1.447611458025264497e+01 1.443764448881103313e+01 1.439997330120893970e+01 1.436381586524807474e+01 1.432935278466058193e+01 1.429832350218712733e+01 1.426825399779702330e+01 1.424075897072414598e+01 1.421504411281312485e+01 1.187500000000004086e+01
1.485382131858732713e+01 1.482860794753681866e+01 1.479833998845035836e+01 1.476195927913799899e+01 1.472330187372443611e+01 1.468274925056642211e+01 1.464333797841728568e+01 1.460186501356974809e+01 1.456223250282824822e+01 1.452311394598812910e+01 1.448751772664274640e+01 1.445403142403472962e+01 1.442126372985823402e+01 1.439295513366236356e+01 1.436540303406618868e+01 1.434075198136417306e+01 1.192500000000004157e+01
1.498445554723263662e+01 1.495965416755178090e+01 1.492823705277619339e+01 1.489388891352676048e+01 1.485694566083492241e+01 1.481661385863169578e+01 1.477670486242765335e+01 1.473612528874470406e+01 1.469727740365811464e+01 1.465861868222257414e+01 1.462141598114804886e+01 1.458867774848995147e+01 1.455686064014397729e+01 1.452764578378181426e+01 1.450221424026672956e+01 1.447721171743773994e+01 1.197500000000004228e+01
1.511765714257060189e+01 1.509217768019945538e+01 1.506178432297381775e+01 1.502696467682383918e+01 1.499235005505360796e+01 1.495414224157020300e+01 1.491535174051618995e+01 1.487437490175666355e+01 1.483655066798199229e+01 1.479855224230338706e+01 1.476190002526680267e+01 1.472849018122512987e+01 1.469752383935303541e+01 1.466936084804228280e+01 1.464460706167498394e+01 1.462095069869340414e+01 1.202500000000004299e+01
1.523916186741280043e+01 1.521250065333711810e+01 1.518209532857851407e+01 1.515000481537700416e+01 1.511548712140688444e+01 1.507848264063215993e+01 1.504229033561427720e+01 1.500357842333090019e+01 1.496545987924110044e+01 1.492693643372137302e+01 1.489175936781949616e+01 1.485966274379560836e+01 1.482716265903943587e+01 1.480162615520874603e+01 1.477601165865133837e+01 1.475547662667948678e+01 1.207500000000004370e+01
1.536759010908219736e+01 1.534099682113118490e+01 1.531142422721638496e+01 1.527925221689432078e+01 1.524804351558078430e+01 1.521355276736848516e+01 1.517764591004206132e+01 1.514172277552379597e+01 1.510563582303042729e+01 1.506806351925565401e+01 1.503247253377696424e+01 1.500182020756962942e+01 1.496994830947088850e+01 1.494498247259512169e+01 1.492075955241672247e+01 1.490148146951672814e+01 1.212500000000004441e+01
1.549644080236669907e+01 1.546900118320251849e+01 1.544102574443965992e+01 1.541121967096811218e+01 1.538049745163465509e+01 1.535012465831192863e+01 1.531672126549974777e+01 1.528223720995121226e+01 1.524878390944392947e+01 1.521287577060688179e+01 1.517732035335648888e+01 1.514800911786266546e+01 1.511711920579964641e+01 1.509271816367657415e+01 1.506967873367082866e+01 1.505200478912845519e+01 1.217500000000004512e+01
1.560780547790194994e+01 1.558170503989182620e+01 1.555549604665564090e+01 1.552622008680399546e+01 1.549980447310985809e+01 1.547050428078457784e+01 1.544101015448972625e+01 1.540943493469547754e+01 1.537646989893300642e+01 1.534368580394710513e+01 1.530991945586526271e+01 1.527966845813961072e+01 1.525119925864085069e+01 1.522565733266462296e+01 1.520553708758590794e+01 1.518833970207781725e+01 1.222500000000004583e+01
1.569280031319538082e+01 1.566852691191094671e+01 1.564398193784957058e+01 1.561730334031060075e+01 1.559198534604593611e+01 1.556596412003589869e+01 1.553824989866321715e+01 1.550929251979376744e+01 1.547877293139650234e+01 1.544746515365752160e+01 1.541442249966907241e+01 1.538583025482164146e+01 1.535761104653459341e+01 1.533329388266232485e+01 1.531303202862622292e+01 1.529769770862689171e+01 1.227500000000004654e+01
1.581422546370226456e+01 1.579473559643197511e+01 1.577177631303000815e+01 1.575037767451228810e+01 1.572643947443087953e+01 1.570678961332515655e+01 1.568213737461953627e+01 1.565793365844692353e+01 1.563165259800438278e+01 1.560307662533873874e+01 1.557150174257354003e+01 1.554581483946007481e+01 1.551801380428198662e+01 1.549558217312158170e+01 1.547499865779703221e+01 1.546233254669838075e+01 1.232500000000004725e+01
1.601456059088724260e+01 1.600867494590960050e+01 1.600059989140711281e+01 1.599053703520641712e+01 1.597920225033308306e+01 1.597003616967319850e+01 1.595689910176228388e+01 1.594168867161480563e+01 1.592488713069519868e+01 1.590502782079108002e+01 1.587998830060383071e+01 1.585959438920436071e+01 1.583638232515762745e+01 1.581518686600326440e+01 1.580042322377583730e+01 1.578985123128466483e+01 1.237500000000004796e+01
