108 17
0. 0.1 0.2 0.3 0.4 0.5 0.6 0.7 0.8 0.9 1. 1.1 1.2 1.3 1.4 1.5 -inf
1.040318365189371796e+01 1.042137055320935524e+01 1.042435913227259192e+01 1.042501339403748695e+01 1.042663667144897310e+01 1.042939822140946404e+01 1.043265170713099366e+01 1.043569612919154821e+01 1.043798016083570879e+01 1.043912997549878163e+01 1.043892397298139230e+01 1.043725487101363925e+01 1.043408690805788908e+01 1.042942864221553556e+01 1.042331453724993118e+01 1.041579246235380651e+01 7.025000000000000355e+00
1.042685941085480472e+01 1.044413422413059855e+01 1.044698207570329807e+01 1.044758597196693195e+01 1.044908000961270211e+01 1.045201847319792243e+01 1.045573290872798644e+01 1.045918616268266454e+01 1.046173345590825221e+01 1.046293590044746402e+01 1.046253136383722904e+01 1.046039041403349934e+01 1.045646662939830129e+01 1.045076501404302682e+01 1.044465098328818442e+01 1.043734913661651298e+01 7.075000000000000178e+00
1.044929150133068774e+01 1.046945226975229382e+01 1.047280813214672257e+01 1.047349478453287475e+01 1.047519679471642284e+01 1.047811435452829798e+01 1.048153924109336899e+01 1.048469953122326359e+01 1.048698665213589898e+01 1.048798678450989286e+01 1.048745329797531234e+01 1.048526491281702278e+01 1.048137876150726200e+01 1.047580053433963343e+01 1.046856423492514132e+01 1.045971840724413404e+01 7.125000000000000000e+00
1.047545670809393492e+01 1.049476524798135380e+01 1.049795694822134706e+01 1.049858532094557617e+01 1.050014716196413822e+01 1.050283703631026455e+01 1.050598761035715611e+01 1.050887035280348947e+01 1.051091099201197565e+01 1.051171945815259079e+01 1.051106380720803735e+01 1.050883048280584475e+01 1.050497998450651238e+01 1.049951865267804330e+01 1.049247952600804368e+01 1.048390931389221592e+01 7.175000000000000711e+00
1.050040314883460724e+01 1.051874385934170064e+01 1.052178005119126958e+01 1.052235321645034638e+01 1.052378227728391735e+01 1.052625646854265007e+01 1.052914719038229840e+01 1.053176701599688414e+01 1.053357416671824964e+01 1.053420107025965180e+01 1.053342969476928204e+01 1.053115380008339486e+01 1.052733707535559304e+01 1.052198647675978371e+01 1.051513412892585286e+01 1.050682500337449454e+01 7.225000000000000533e+00
1.052403566591041084e+01 1.054145952240234330e+01 1.054434839645494293e+01 1.054486926201417596e+01 1.054617253616652484e+01 1.054844240431965652e+01 1.055134727067797051e+01 1.055428877744349947e+01 1.055626100249498656e+01 1.055683189440934910e+01 1.055574293159122412e+01 1.055286525145077903e+01 1.054851662304131743e+01 1.054327092538263599e+01 1.053659551878367573e+01 1.052853372842362489e+01 7.275000000000000355e+00
1.054642636371516851e+01 1.056607770029082616e+01 1.056947727506998014e+01 1.057005967785653944e+01 1.057152959595402208e+01 1.057411004197393112e+01 1.057711231465759738e+01 1.057977909904949598e+01 1.058151187588187980e+01 1.058190320461231160e+01 1.058070984069972198e+01 1.057781104149695395e+01 1.057316267937835441e+01 1.056676798345129598e+01 1.055865763854838413e+01 1.054910172381500111e+01 7.325000000000000178e+00
1.057185304697072148e+01 1.059133170249009481e+01 1.059456048893753177e+01 1.059508331863976061e+01 1.059641795293252997e+01 1.059878085983435803e+01 1.060152302754029918e+01 1.060392953025014684e+01 1.060543544538062832e+01 1.060565664960707366e+01 1.060436437240934993e+01 1.060144556426085138e+01 1.059685955459403850e+01 1.059061039189388609e+01 1.058272801828560539e+01 1.057325541585417028e+01 7.375000000000000000e+00
1.059674946464513745e+01 1.061525598712426266e+01 1.061832297788371093e+01 1.061878937124706646e+01 1.061999584493286086e+01 1.062215266696390614e+01 1.062464842519095676e+01 1.062680835102172949e+01 1.062809934956647062e+01 1.062815938697965201e+01 1.062677340465079823e+01 1.062383564110231760e+01 1.061930870079775424e+01 1.061319740845639537e+01 1.060553100260238146e+01 1.059635097247098301e+01 7.425000000000000711e+00
1.062033454551077760e+01 1.063792013885599097e+01 1.064083385598247133e+01 1.064124678560523840e+01 1.064233184912195718e+01 1.064429344112408060e+01 1.064655576868002917e+01 1.064848210525677175e+01 1.064956950723913565e+01 1.064947686677016492e+01 1.064800211491936288e+01 1.064504639438416511e+01 1.064057541215773206e+01 1.063459472830806973e+01 1.062713291481812128e+01 1.061823004670439374e+01 7.475000000000000533e+00
1.064268026214313245e+01 1.066163082902069803e+01 1.066505502354942436e+01 1.066550316829535205e+01 1.066670773822188778e+01 1.066891582405748906e+01 1.067145750040136498e+01 1.067358886222886483e+01 1.067472030766425917e+01 1.067444982269982212e+01 1.067253674661825436e+01 1.066886011211939156e+01 1.066337380105906618e+01 1.065607785297803289e+01 1.064759967564204324e+01 1.063895940505526028e+01 7.525000000000000355e+00
1.066715692672962312e+01 1.068682336177127112e+01 1.069007092689753335e+01 1.069045915427900795e+01 1.069153444858276636e+01 1.069353642109166636e+01 1.069583362426916473e+01 1.069772353809191934e+01 1.069864945956900293e+01 1.069823227229964502e+01 1.069624559534026886e+01 1.069257614913220422e+01 1.068718139167029690e+01 1.068006238373362926e+01 1.067124525036109617e+01 1.066076847510868220e+01 7.575000000000000178e+00
1.069200074472308337e+01 1.071069147549222933e+01 1.071377169695732690e+01 1.071410315694336823e+01 1.071505597188801140e+01 1.071686266683709476e+01 1.071892824926432830e+01 1.072058940845998443e+01 1.072132061076143472e+01 1.072076443360441189e+01 1.071870802510438914e+01 1.071504538928509831e+01 1.070973737227601674e+01 1.070278600240612477e+01 1.069421694549900614e+01 1.068406747434327997e+01 7.625000000000000000e+00
1.071553655069131672e+01 1.073330294742911128e+01 1.073622463577581954e+01 1.073650231713554248e+01 1.073733910118541779e+01 1.073896079982036511e+01 1.074080695619006143e+01 1.074225140455169480e+01 1.074279813952460572e+01 1.074211029021362940e+01 1.073998782149649323e+01 1.073633163750311859e+01 1.073110579411436305e+01 1.072431323626819655e+01 1.071597919475028782e+01 1.070613979532807214e+01 7.675000000000000711e+00
1.073783620154168794e+01 1.075585143890594964e+01 1.075928031259032913e+01 1.075956113155926275e+01 1.076046364962523860e+01 1.076226050462932626e+01 1.076429954491323926e+01 1.076584873464247316e+01 1.076632593858003517e+01 1.076533335407595438e+01 1.076263188307910568e+01 1.075809937408536321e+01 1.075168680005584321e+01 1.074470980987805824e+01 1.073659844019603149e+01 1.072705282682070838e+01 7.725000000000000533e+00
1.076110365885147147e+01 1.078098330601496535e+01 1.078423056456833606e+01 1.078445216605195611e+01 1.078523263590300907e+01 1.078683618061851135e+01 1.078864790984985511e+01 1.078997617518494145e+01 1.079027105655685581e+01 1.078915724851005287e+01 1.078640976248519401e+01 1.078191415995226876e+01 1.077562514404656646e+01 1.076753990996856380e+01 1.075767985486486111e+01 1.074687036100058535e+01 7.775000000000000355e+00
1.078589585822841102e+01 1.080479690360708922e+01 1.080787207348802781e+01 1.080803756368634083e+01 1.080870238725196408e+01 1.081012276159644792e+01 1.081171910317232232e+01 1.081283803250393483e+01 1.081296015487662743e+01 1.081173148195915878e+01 1.080894039458325651e+01 1.080447976261589282e+01 1.079830782370359721e+01 1.079042296865213579e+01 1.078084642001075011e+01 1.076961030148310705e+01 7.825000000000000178e+00
1.080938589531310612e+01 1.082735973807183960e+01 1.083027185790482605e+01 1.083038418395450186e+01 1.083093943533202896e+01 1.083218625997474405e+01 1.083357852671491628e+01 1.083449911501151064e+01 1.083445755221707785e+01 1.083312004748398039e+01 1.083028764883361461e+01 1.082586015067053609e+01 1.081979913950914529e+01 1.081210413896364919e+01 1.080279620615631053e+01 1.079190662656596977e+01 7.875000000000000000e+00
1.083164399369725039e+01 1.084873926112371301e+01 1.085185232234021768e+01 1.085192911525658310e+01 1.085248860472197663e+01 1.085383070707839437e+01 1.085531976663601839e+01 1.085623369349009515e+01 1.085599600892884808e+01 1.085421159882507602e+01 1.085064164256205288e+01 1.084611924090081736e+01 1.084016333986693503e+01 1.083264823687788692e+01 1.082359483230480457e+01 1.081303361736253343e+01 7.925000000000000711e+00
1.085338963255143874e+01 1.087351690572109320e+01 1.087674393037905674e+01 1.087676335110229608e+01 1.087720934196206990e+01 1.087837241813805100e+01 1.087965297326293168e+01 1.088036832502301010e+01 1.087997355045917125e+01 1.087809566022040997e+01 1.087450980457424698e+01 1.086909921790753053e+01 1.086181473168407408e+01 1.085264855942501150e+01 1.084330591305649349e+01 1.083305589280794123e+01 7.975000000000000533e+00
1.087813698558978714e+01 1.089728329147267871e+01 1.090033433924162765e+01 1.090029938688093303e+01 1.090063781223076766e+01 1.090163122075060542e+01 1.090271417093126338e+01 1.090324132803352875e+01 1.090269767528618239e+01 1.090073119155030845e+01 1.089713026765510584e+01 1.089178550766799169e+01 1.088465146430676356e+01 1.087572181883610689e+01 1.086501223550513018e+01 1.085254849051498738e+01 8.025000000000000355e+00
1.090158950965859930e+01 1.091980617434439438e+01 1.092269045267263827e+01 1.092260397213203404e+01 1.092284046000568942e+01 1.092367307820652833e+01 1.092456876251259601e+01 1.092491757166245137e+01 1.092423283032366577e+01 1.092218238847234701e+01 1.091856718472778986e+01 1.091328480724216377e+01 1.090629333528410605e+01 1.089758784106669331e+01 1.088718413870938662e+01 1.087510752496271849e+01 8.075000000000001066e+00
1.092381576901213514e+01 1.094115140075274439e+01 1.094387762953244270e+01 1.094374231507155848e+01 1.094388219548510754e+01 1.094456243062811041e+01 1.094528064065104722e+01 1.094546042714756773e+01 1.094464197433210195e+01 1.094251196429259032e+01 1.093888322735073793e+01 1.093365997056585748e+01 1.092680361536427114e+01 1.091831055217877910e+01 1.090819673716289984e+01 1.089648701268563613e+01 8.125000000000000000e+00
1.094488386804055047e+01 1.096408768031078473e+01 1.096727351963599162e+01 1.096705088665699357e+01 1.096711745808906890e+01 1.096779209068359506e+01 1.096848890581473768e+01 1.096853186845141259e+01 1.096737886788644190e+01 1.096465738467710160e+01 1.096014114285297225e+01 1.095370958043223730e+01 1.094624515093515527e+01 1.093795344947886683e+01 1.092811441642783343e+01 1.091675246344631667e+01 8.175000000000000711e+00
1.096838696418618575e+01 1.098782342123360500e+01 1.099083028609504531e+01 1.099055620175586867e+01 1.099052463929867507e+01 1.099104460416694984e+01 1.099156326124532690e+01 1.099144103758179014e+01 1.099016514937701672e+01 1.098738373684005509e+01 1.098288367709751867e+01 1.097655188516674407e+01 1.096833785962778229e+01 1.095822919542263385e+01 1.094699656941548049e+01 1.093596430718257473e+01 8.224999999999999645e+00
1.099182038297145070e+01 1.101032487610926580e+01 1.101316207338656028e+01 1.101283921321758363e+01 1.101271461994714151e+01 1.101308795999024959e+01 1.101343772344116090e+01 1.101315890335653869e+01 1.101176651781170968e+01 1.100892829234164516e+01 1.100444357319369715e+01 1.099820636357173065e+01 1.099016991386602982e+01 1.098032351918730853e+01 1.096867636424653369e+01 1.095524626140564095e+01 8.275000000000000355e+00
1.101403543332661705e+01 1.103165641794308627e+01 1.103433276912446992e+01 1.103396366911635340e+01 1.103375088196264286e+01 1.103398522061187847e+01 1.103417487168340472e+01 1.103374759705991792e+01 1.103224477119482039e+01 1.102935268665360269e+01 1.102488251050018597e+01 1.101873496559049137e+01 1.101086685905801232e+01 1.100126909778569129e+01 1.098995136000093709e+01 1.097693140118991018e+01 8.325000000000001066e+00
1.103510039371107432e+01 1.105233054194439646e+01 1.105545272860589812e+01 1.105494273274600481e+01 1.105457808566147193e+01 1.105470839613633771e+01 1.105475967978800789e+01 1.105405979437379216e+01 1.105206681835254479e+01 1.104871969461349579e+01 1.104426330855277705e+01 1.103820078634533530e+01 1.103049230773258493e+01 1.102113030792703263e+01 1.101012493312280860e+01 1.099749388487479784e+01 8.375000000000000000e+00
1.105628581308189240e+01 1.107606752188033639e+01 1.107900862457412039e+01 1.107845139348044761e+01 1.107799951019660689e+01 1.107799176271277908e+01 1.107788613079831919e+01 1.107704611005850204e+01 1.107495858896313479e+01 1.107126967936767770e+01 1.106576286270687959e+01 1.105831957705659185e+01 1.104910646857530310e+01 1.103996808158674625e+01 1.102925897388231391e+01 1.101699679586465486e+01 8.425000000000000711e+00
1.107973556758365241e+01 1.109858252516926491e+01 1.110135186607449320e+01 1.110074983141074689e+01 1.110021520283582142e+01 1.110007650459909634e+01 1.109982203511149024e+01 1.109884909319444901e+01 1.109667189419311129e+01 1.109295590910863361e+01 1.108749706588514528e+01 1.108018405270445683e+01 1.107096360299751403e+01 1.105981751804213964e+01 1.104740799670633677e+01 1.103549569952743781e+01 8.474999999999999645e+00
1.110197972668909117e+01 1.111993999035641068e+01 1.112254640006538331e+01 1.112190186526624558e+01 1.112128874548920443e+01 1.112102582892080527e+01 1.112063017387589703e+01 1.111953114450602342e+01 1.111726887810628384e+01 1.111352720953392037e+01 1.110811387334430123e+01 1.110092443508379567e+01 1.109190945763992353e+01 1.108105270853835123e+01 1.106835584151812135e+01 1.105382763108960020e+01 8.525000000000000355e+00
1.112308560300661675e+01 1.114020454684331085e+01 1.114265636290546801e+01 1.114197150279680670e+01 1.114128390838595095e+01 1.114090313001247168e+01 1.114037351418729038e+01 1.113915484953824020e+01 1.113681186882689644e+01 1.113304583104749135e+01 1.112767567319623652e+01 1.112060348625410811e+01 1.111178346660344651e+01 1.110120124740051573e+01 1.108885934620601788e+01 1.107476692856784695e+01 8.575000000000001066e+00
1.114311852134401981e+01 1.116167717137519588e+01 1.116452834180425313e+01 1.116363708942344068e+01 1.116270568616213055e+01 1.116210549416850917e+01 1.116130331596168368e+01 1.115966264142496200e+01 1.115666705229954836e+01 1.115195802702705130e+01 1.114624301117693861e+01 1.113928211485599462e+01 1.113064714194264582e+01 1.112032549638081314e+01 1.110832051563882139e+01 1.109464173642294682e+01 8.625000000000000000e+00
1.116501608968505366e+01 1.118426793646038675e+01 1.118694597021800341e+01 1.118601522753577804e+01 1.118501287555882939e+01 1.118429904339468983e+01 1.118336992538158015e+01 1.118162215769424606e+01 1.117856627465031494e+01 1.117386297621026969e+01 1.116730255272512196e+01 1.115876621541337244e+01 1.114855582953237523e+01 1.113848156587511085e+01 1.112679644873435336e+01 1.111351036718459007e+01 8.675000000000000711e+00
1.118735887417051877e+01 1.120571907278263524e+01 1.120823270403650973e+01 1.120726446320688652e+01 1.120619474164040241e+01 1.120537300207337950e+01 1.120432334794389639e+01 1.120247388959826473e+01 1.119936075426293520e+01 1.119466289375574419e+01 1.118818247056662685e+01 1.117980780733820900e+01 1.116948114031907657e+01 1.115717694405128846e+01 1.114434033261869317e+01 1.113142713844735532e+01 8.724999999999999645e+00
1.120858117972094448e+01 1.122609444585803296e+01 1.122845191930758801e+01 1.122744806084301139e+01 1.122631434823660790e+01 1.122539011276641574e+01 1.122422596734363687e+01 1.122227991807293890e+01 1.121911240161862899e+01 1.121441970633480523e+01 1.120801527146879017e+01 1.119979417445313707e+01 1.118970261994775051e+01 1.117771736114036329e+01 1.116383106927166757e+01 1.114844539301910764e+01 8.775000000000000355e+00
1.122874924545563147e+01 1.124545765135787789e+01 1.124766672430235914e+01 1.124662901754541089e+01 1.124543449271969209e+01 1.124441285293554849e+01 1.124313990369200766e+01 1.124110206174960958e+01 1.123788286561423178e+01 1.123319507896600555e+01 1.122686285762512881e+01 1.121878769826296640e+01 1.120891957681582873e+01 1.119723741192306576e+01 1.118373514830559756e+01 1.116841187187397288e+01 8.825000000000001066e+00
1.124792434273560282e+01 1.126715455208484684e+01 1.126971319111596159e+01 1.126839548921177681e+01 1.126685633018959543e+01 1.126549057521317643e+01 1.126380036636867743e+01 1.126117848428433632e+01 1.125712858499155899e+01 1.125130370320876594e+01 1.124478248872881281e+01 1.123684608182507993e+01 1.122719039277894026e+01 1.121579639906601678e+01 1.120265925618806158e+01 1.118777888458951963e+01 8.875000000000000000e+00
1.126999302979081286e+01 1.128881499595402005e+01 1.129120815630449925e+01 1.128985937593524902e+01 1.128826557474480374e+01 1.128680993825708789e+01 1.128502180784377096e+01 1.128232502711167129e+01 1.127824868057509988e+01 1.127246408098608121e+01 1.126476528147670564e+01 1.125503078551837710e+01 1.124456816051083408e+01 1.123344825263186664e+01 1.122065838397626081e+01 1.120619926873168914e+01 8.925000000000000711e+00
1.129146055889877154e+01 1.130942591886545223e+01 1.131166161853088425e+01 1.131028326555215280e+01 1.130863746978927153e+01 1.130709630685012712e+01 1.130521499949553998e+01 1.130244694920569692e+01 1.129834543688275517e+01 1.129259916768048377e+01 1.128501366467087941e+01 1.127547452238069781e+01 1.126391740497258809e+01 1.125030748953130377e+01 1.123778539381762442e+01 1.122372712364760439e+01 8.974999999999999645e+00
1.131179668597544818e+01 1.132895058541588007e+01 1.133103712303827670e+01 1.132963075601371017e+01 1.132793570594554566e+01 1.132631352405094027e+01 1.132434395045440390e+01 1.132150838672248305e+01 1.131738303492425501e+01 1.131167307598442129e+01 1.130419489841525760e+01 1.129484081407936280e+01 1.128355066005194551e+01 1.127029226019738140e+01 1.125504734457075706e+01 1.124033120896916671e+01 9.025000000000000355e+00
1.133107188570447832e+01 1.134745665817905724e+01 1.134940181548057403e+01 1.134796889589137159e+01 1.134622716109467788e+01 1.134452818697004517e+01 1.134247495194493460e+01 1.133957539691931693e+01 1.133542744934137936e+01 1.132975190637259288e+01 1.132237545511998533e+01 1.131319677434136040e+01 1.130215965632536168e+01 1.128923443363458645e+01 1.127440456396374202e+01 1.125765699077934201e+01 9.075000000000001066e+00
1.134982361012249008e+01 1.136912392687425211e+01 1.137136187925361952e+01 1.136956501697241251e+01 1.136736575259768145e+01 1.136518434923364218e+01 1.136255367680733031e+01 1.135889020693878138e+01 1.135371270862816218e+01 1.134733975241334925e+01 1.134006226479696444e+01 1.133105422397092710e+01 1.132026327002174249e+01 1.130766217607907720e+01 1.129323608055807071e+01 1.127697330153018918e+01 9.125000000000000000e+00
1.137235448348785205e+01 1.139079729505934502e+01 1.139287164592294310e+01 1.139105219845359152e+01 1.138881365921362132e+01 1.138656369809085689e+01 1.138386142751414809e+01 1.138015370952102856e+01 1.137498438369931186e+01 1.136803219811092269e+01 1.135909227889332129e+01 1.134843326066528846e+01 1.133788187588408469e+01 1.132559622706510538e+01 1.131156308831630497e+01 1.129577211548752302e+01 9.175000000000000711e+00
1.139392778107291448e+01 1.141151111486612990e+01 1.141342910736914007e+01 1.141158807462917046e+01 1.140931199934613716e+01 1.140699651573289231e+01 1.140422581688176251e+01 1.140047580976812824e+01 1.139531429461344914e+01 1.138843740341957833e+01 1.137965191341432103e+01 1.136883859078549541e+01 1.135592438378061431e+01 1.134273628104092246e+01 1.132907870162843977e+01 1.131373864665000717e+01 9.224999999999999645e+00
1.141446166346275248e+01 1.143122692966355203e+01 1.143299609725121257e+01 1.143113451923268542e+01 1.142882271641701486e+01 1.142644486722854325e+01 1.142360903702076236e+01 1.141981877830333048e+01 1.141466469749278545e+01 1.140785947296162739e+01 1.139922097167106863e+01 1.138863706201359349e+01 1.137603936349873734e+01 1.136138472367814956e+01 1.134575040155373316e+01 1.133083953891689966e+01 9.275000000000000355e+00
1.143395312571270495e+01 1.144994185422361532e+01 1.145194209307589794e+01 1.144968867182190841e+01 1.144734295521241663e+01 1.144490590649060024e+01 1.144200825137531830e+01 1.143817978446125494e+01 1.143303276058399121e+01 1.142629556449598738e+01 1.141779658991203661e+01 1.140743044687978092e+01 1.139513318903016348e+01 1.138086473525280695e+01 1.136459595515827736e+01 1.134707228973004511e+01 9.325000000000001066e+00
1.145412801232879829e+01 1.147295116697379669e+01 1.147479521475318265e+01 1.147245484628758838e+01 1.146952562443257051e+01 1.146645207198301719e+01 1.146279974339055130e+01 1.145801070080688433e+01 1.145161994181323983e+01 1.144463044377454253e+01 1.143627022990985864e+01 1.142612065798633836e+01 1.141412219141345119e+01 1.140023780355747363e+01 1.138444071642204847e+01 1.136670545225877582e+01 9.375000000000000000e+00
1.147766526212009452e+01 1.149555367831916008e+01 1.149723086002458139e+01 1.149487781343057513e+01 1.149192601826198157e+01 1.148880591488435776e+01 1.148510942763151021e+01 1.148030962894542384e+01 1.147396732654122076e+01 1.146576977911158046e+01 1.145551320853687649e+01 1.144446943993200527e+01 1.143276430637460628e+01 1.141925696839805227e+01 1.140392295742600304e+01 1.138673886993287532e+01 9.425000000000000711e+00
1.150017333085395776e+01 1.151716788063380292e+01 1.151868549258933783e+01 1.151632032222606306e+01 1.151334694077623588e+01 1.151018232193915836e+01 1.150644360689114443e+01 1.150163352241998460e+01 1.149533755781035893e+01 1.148726107603184055e+01 1.147721266321195266e+01 1.146506772038538635e+01 1.145074320864194384e+01 1.143744450828857318e+01 1.142255332518327648e+01 1.140589631381357627e+01 9.474999999999999645e+00
1.152163375787765354e+01 1.153777604639575394e+01 1.153914151580129399e+01 1.153676478597155786e+01 1.153377082297745737e+01 1.153056376066020938e+01 1.152678478331660372e+01 1.152196489181390326e+01 1.151571310819868899e+01 1.150775205705092397e+01 1.149790211324939371e+01 1.148604652672541349e+01 1.147210772610555729e+01 1.145603001879915794e+01 1.144031653945132909e+01 1.142416207136139406e+01 9.525000000000000355e+00
1.154203111299494822e+01 1.155910893960312258e+01 1.156062189234505055e+01 1.155767187306460819e+01 1.155394452681529849e+01 1.154993557665136628e+01 1.154611833146061173e+01 1.154128911873123187e+01 1.153507932754382281e+01 1.152722798901101520e+01 1.151756668279077367e+01 1.150598611890510270e+01 1.149241392267535566e+01 1.147679829100720816e+01 1.145909571988140740e+01 1.144152300936965716e+01 9.575000000000001066e+00
1.156477613697847495e+01 1.158276772857823822e+01 1.158411191617906866e+01 1.158116233770554615e+01 1.157743331344536308e+01 1.157338932626220007e+01 1.156863477142067431e+01 1.156264435528538748e+01 1.155497474091505694e+01 1.154624420175513322e+01 1.153676708042446108e+01 1.152545504741116211e+01 1.151224080206610445e+01 1.149707633898177050e+01 1.147992133150434313e+01 1.146073450069903110e+01 9.625000000000000000e+00
1.158821184822271988e+01 1.160527738875889447e+01 1.160646100829428562e+01 1.160351184921728951e+01 1.159978122844874093e+01 1.159571866595317147e+01 1.159095385062743055e+01 1.158499174009959631e+01 1.157741443441052098e+01 1.156792032690579752e+01 1.155630779900985594e+01 1.154397835243805481e+01 1.153110467197922873e+01 1.151636946381223225e+01 1.149973542432117135e+01 1.148116415502099485e+01 9.675000000000000711e+00
1.161049810432056439e+01 1.162668301397049575e+01 1.162771394084850485e+01 1.162476518059782471e+01 1.162103304162511463e+01 1.161695281488351128e+01 1.161217824232119789e+01 1.160624304909107707e+01 1.159875352460433184e+01 1.158942603496289614e+01 1.157807150518200956e+01 1.156455941958027189e+01 1.154904332259234323e+01 1.153471631560684152e+01 1.151857769210046634e+01 1.150059179276002475e+01 9.724999999999999645e+00
1.163247665184903568e+01 1.164779308957154136e+01 1.164867343203497718e+01 1.164572506510397965e+01 1.164199142888910643e+01 1.163789378179348155e+01 1.163310958671373641e+01 1.162720093913150521e+01 1.161979798384324170e+01 1.161063481155557220e+01 1.159953471768393385e+01 1.158637577691431098e+01 1.157107000064389979e+01 1.155354739907993711e+01 1.153715980280193421e+01 1.151975119115958179e+01 9.775000000000000355e+00
1.165485711935046531e+01 1.167275950875420421e+01 1.167367501414535980e+01 1.167004037745291178e+01 1.166543084412204223e+01 1.166034382167972261e+01 1.165439977808299865e+01 1.164765516636820486e+01 1.164033669983592034e+01 1.163133389600549528e+01 1.162048212340545916e+01 1.160766784064432855e+01 1.159280924058303874e+01 1.157584128457025763e+01 1.155670414604600715e+01 1.153845014834597293e+01 9.825000000000001066e+00
1.168099487407535797e+01 1.169787173588642482e+01 1.169861670989321212e+01 1.169499984483331545e+01 1.169041502496593310e+01 1.168534193561450429e+01 1.167942822349667154e+01 1.167218663129311551e+01 1.166319966596003255e+01 1.165216053726710932e+01 1.164111914534439940e+01 1.162864441369414514e+01 1.161422636390246410e+01 1.159780483509695514e+01 1.157932434855201898e+01 1.155872584452663432e+01 9.875000000000000000e+00
1.170662141253884414e+01 1.172249280457733356e+01 1.172307058254425982e+01 1.171947114152977143e+01 1.171491055176666585e+01 1.170985112299524467e+01 1.170396714911693081e+01 1.169680383858936779e+01 1.168797131989005855e+01 1.167718363577255580e+01 1.166424380878447131e+01 1.164921071564896771e+01 1.163522459960783451e+01 1.161933881069246155e+01 1.160150213297433908e+01 1.158165973727933462e+01 9.925000000000000711e+00
1.173147978712300521e+01 1.174637584867448936e+01 1.174679144235758343e+01 1.174320890309703813e+01 1.173867181713290364e+01 1.173362563946113291e+01 1.172777051240887225e+01 1.172068313703843856e+01 1.171200043538449798e+01 1.170145665870895790e+01 1.168886928697082617e+01 1.167410405790330508e+01 1.165705621002603820e+01 1.164022729832031544e+01 1.162301513104867112e+01 1.160390617908933208e+01 9.974999999999999645e+00
1.175740998190703479e+01 1.177465524675649178e+01 1.177498284809928641e+01 1.177058521216837050e+01 1.176501061535333115e+01 1.175878080955310523e+01 1.175154474821814254e+01 1.174422859696951171e+01 1.173569361788146814e+01 1.172539033876132564e+01 1.171315049486129212e+01 1.169885017775537328e+01 1.168239269315077600e+01 1.166369448854596591e+01 1.164422737207144642e+01 1.162584161012234141e+01 1.002500000000000036e+01
1.178698586178397889e+01 1.180308161343561402e+01 1.180322887043403490e+01 1.179887440505608964e+01 1.179336180527166889e+01 1.178719163020626226e+01 1.178004248507693319e+01 1.177145024227232817e+01 1.176101009647790008e+01 1.174873806311764390e+01 1.173683723871449835e+01 1.172299045137523876e+01 1.170710887648992404e+01 1.168911564850029805e+01 1.166893539951161962e+01 1.164724000753866662e+01 1.007500000000000107e+01
1.181629067267410171e+01 1.183124744665142813e+01 1.183121601219827213e+01 1.182690432170634942e+01 1.182145315073708502e+01 1.181534205987861696e+01 1.180827903435012871e+01 1.179983647218863041e+01 1.178964106484477803e+01 1.177741327394875803e+01 1.176295337382970096e+01 1.174690947445111533e+01 1.173159853095474325e+01 1.171430381832546708e+01 1.169495617489686801e+01 1.167347991488942860e+01 1.012500000000000000e+01
1.184578634447224310e+01 1.186187643628772470e+01 1.186162153043203737e+01 1.185634190231480289e+01 1.184972745386508741e+01 1.184367583202632623e+01 1.183669948699174057e+01 1.182840758033660755e+01 1.181845850541379583e+01 1.180659705376628565e+01 1.179264139796696576e+01 1.177644851192762587e+01 1.175789853579410860e+01 1.173965603756157350e+01 1.172114642241541027e+01 1.170064954175228422e+01 1.017500000000000071e+01
1.188162851715749113e+01 1.189730244717803131e+01 1.189684271916658354e+01 1.189165043801310873e+01 1.188509554887014552e+01 1.187770681936123829e+01 1.186918127548419477e+01 1.185906192385301594e+01 1.184755713168785185e+01 1.183606559383807699e+01 1.182261910251419756e+01 1.180708839020283385e+01 1.178936489838918078e+01 1.176934830028076995e+01 1.174759222084577104e+01 1.172808427580489088e+01 1.022499999999999964e+01
1.191760775313839460e+01 1.193190018092028204e+01 1.193124041959344339e+01 1.192613344318976587e+01 1.191970089691308665e+01 1.191244443866528080e+01 1.190409592958561191e+01 1.189424264106490270e+01 1.188251653965718191e+01 1.186863489994844478e+01 1.185238696959437554e+01 1.183701189340907867e+01 1.182009556231497349e+01 1.180105646573190725e+01 1.177980171546647803e+01 1.175622831117214062e+01 1.027500000000000036e+01
1.195388359545298229e+01 1.196988693248282409e+01 1.196883895784489482e+01 1.196263192008887088e+01 1.195481324082881081e+01 1.194675017938909356e+01 1.193857650410573790e+01 1.192898597084191792e+01 1.191764882590164554e+01 1.190431231522226696e+01 1.188878842884201248e+01 1.187091901725409571e+01 1.185056282684111650e+01 1.183237041656065358e+01 1.181225873965066953e+01 1.179001607612955027e+01 1.032500000000000107e+01
1.199780823224062765e+01 1.201215053589501913e+01 1.201088746096286641e+01 1.200483106424728419e+01 1.199722659782659662e+01 1.198861320572598288e+01 1.197872530184212891e+01 1.196713709125673653e+01 1.195346003786920264e+01 1.193996838347919542e+01 1.192516810785250136e+01 1.190821927476889108e+01 1.188899630806761465e+01 1.186737678630805526e+01 1.184469634368801927e+01 1.182378362471243349e+01 1.037500000000000000e+01
1.204019626247661279e+01 1.205363419823854088e+01 1.205181512124502241e+01 1.204555396440846948e+01 1.203815621706336891e+01 1.202977748582804374e+01 1.202019192875309272e+01 1.200902544969403429e+01 1.199593558112400160e+01 1.198065145545765553e+01 1.196296161108547729e+01 1.194421466503224316e+01 1.192608527871019497e+01 1.190577869013229240e+01 1.188317994863774807e+01 1.185815997109978959e+01 1.042500000000000071e+01
1.208801901198003392e+01 1.210192005139122884e+01 1.209989564191237221e+01 1.209279826422166870e+01 1.208392404282847821e+01 1.207384099810211353e+01 1.206229426924612902e+01 1.204908498486353707e+01 1.203655666493673593e+01 1.202202760622797051e+01 1.200531404734914886e+01 1.198625018985374524e+01 1.196467900176731725e+01 1.194250398742761732e+01 1.192138425209176411e+01 1.189808119406074738e+01 1.047499999999999964e+01
1.213616861806874248e+01 1.214828291150429607e+01 1.214606134694433770e+01 1.213918802925221030e+01 1.213062905555607607e+01 1.212091298657103522e+01 1.210982887225433480e+01 1.209700594002147156e+01 1.208209510957232702e+01 1.206481047559037556e+01 1.204597978999909103e+01 1.202808805726335173e+01 1.200794388656971101e+01 1.198540761041330072e+01 1.196032774767543749e+01 1.193641254692778020e+01 1.052500000000000036e+01
1.218977476426709217e+01 1.220269897019643857e+01 1.219976457281725679e+01 1.219156974393678539e+01 1.218137827924209837e+01 1.216977549972970962e+01 1.215652519652747188e+01 1.214298578931165906e+01 1.212886198096500934e+01 1.211260415719332073e+01 1.209401159319017971e+01 1.207289192174849290e+01 1.204925759217992365e+01 1.202834609268071198e+01 1.200517247776700280e+01 1.197958648466396525e+01 1.057500000000000107e+01
1.224368402140414958e+01 1.225576548657826237e+01 1.225192271412924683e+01 1.224368206138434800e+01 1.223394541095436061e+01 1.222287976193830517e+01 1.221029702673114947e+01 1.219584044997780126e+01 1.217916292177051218e+01 1.215996891403377589e+01 1.214053508116893632e+01 1.212093567996558718e+01 1.209893271318095032e+01 1.207435292494671408e+01 1.204766895247110625e+01 1.202417598061211024e+01 1.062500000000000000e+01
1.230504955287479518e+01 1.231641580732072150e+01 1.231244729184076547e+01 1.230315755008820666e+01 1.229168172247108792e+01 1.227860747996325408e+01 1.226372545859312169e+01 1.224731898258251483e+01 1.223169788573501826e+01 1.221385153063094720e+01 1.219356554153199035e+01 1.217062226176043183e+01 1.214592904044546984e+01 1.212339970093702846e+01 1.209845067225031556e+01 1.207089357934759732e+01 1.067500000000000071e+01
1.236675185279513300e+01 1.237830773249135419e+01 1.237327494996524280e+01 1.236232292359608032e+01 1.234904990336132613e+01 1.233671237718498404e+01 1.232273697530948198e+01 1.230679213269392491e+01 1.228854243664586043e+01 1.226768975438194431e+01 1.224525051479706228e+01 1.222421460831211881e+01 1.220067537004209868e+01 1.217442600147058407e+01 1.214630596049423161e+01 1.212133181629812029e+01 1.072499999999999964e+01
1.243356131774993223e+01 1.244284075114709864e+01 1.243776342121687151e+01 1.242744858868294955e+01 1.241480912474324327e+01 1.240041889500778005e+01 1.238410228092750387e+01 1.236548563286525670e+01 1.234539580051182028e+01 1.232623247559906332e+01 1.230458524147225496e+01 1.228021450213521071e+01 1.225286300408098761e+01 1.222847475113233706e+01 1.220219444244458451e+01 1.217316414277275349e+01 1.077500000000000036e+01
1.250571915604112583e+01 1.251471599947399582e+01 1.250845947732156560e+01 1.249646779074455871e+01 1.248180541298564705e+01 1.246507703638469167e+01 1.244688650442207312e+01 1.242972786306548372e+01 1.241024545234190235e+01 1.238814678297866223e+01 1.236314986243766789e+01 1.233825319903358420e+01 1.231366318242275426e+01 1.228630151781605662e+01 1.225589797806210335e+01 1.222861776578821669e+01 1.082500000000000107e+01
1.258025599356122370e+01 1.258869130743019404e+01 1.258105421879559493e+01 1.256717062711777899e+01 1.255022997047610112e+01 1.253475484058829359e+01 1.251734275046938727e+01 1.249761561552736744e+01 1.247521006471343163e+01 1.244982159568103341e+01 1.242731192979269572e+01 1.240209758766508763e+01 1.237389531313159630e+01 1.234412205123719453e+01 1.231714728493992084e+01 1.228736106143291629e+01 1.087500000000000000e+01
1.265658700622497967e+01 1.266418734497793253e+01 1.265495250766434765e+01 1.264114760519248115e+01 1.262562083615688913e+01 1.260795479857378787e+01 1.258799330725865673e+01 1.256536014828841274e+01 1.254185027124917262e+01 1.251901884918479446e+01 1.249335203903217817e+01 1.246451997999769290e+01 1.243621209823393414e+01 1.240839301638930614e+01 1.237751863308305289e+01 1.234483788732125120e+01 1.092500000000000071e+01
1.273869639950360799e+01 1.274389534979712657e+01 1.273505385235365139e+01 1.272042316987108102e+01 1.270275423770991985e+01 1.268261544580918887e+01 1.265982298195488021e+01 1.263736515486825240e+01 1.261436866837646242e+01 1.258844125826998095e+01 1.255922435526470693e+01 1.253167548827888744e+01 1.250326261189558075e+01 1.247158545850355971e+01 1.243949857880917165e+01 1.240962244888712718e+01 1.097499999999999964e+01
1.282446589300149320e+01 1.282850973037989384e+01 1.281809015673411167e+01 1.280148178523270985e+01 1.278146656729117225e+01 1.275860768941894641e+01 1.273635125293847636e+01 1.271330761673823417e+01 1.268729918882720042e+01 1.265791333561614707e+01 1.263042482357452201e+01 1.260165610059932817e+01 1.256945948117468959e+01 1.253731213118052423e+01 1.250668959546394099e+01 1.247269543226756916e+01 1.102500000000000036e+01
1.291251067434248334e+01 1.291514955995200609e+01 1.290297879444467988e+01 1.288421570348583600e+01 1.286164320464933120e+01 1.283879486768163147e+01 1.281579011513196065e+01 1.278984460486408814e+01 1.276049853051503291e+01 1.273237777420302663e+01 1.270346968944257782e+01 1.267102391844612441e+01 1.263818864063527592e+01 1.260708267145014538e+01 1.257241034418938241e+01 1.253769885764816649e+01 1.107500000000000107e+01
1.300335451694703970e+01 1.300432978009323648e+01 1.299024287975203684e+01 1.296916294977135919e+01 1.294512965320514830e+01 1.292230410101051241e+01 1.289655989930254698e+01 1.286745691846825856e+01 1.283793943123250791e+01 1.280911322333927238e+01 1.277669968456822147e+01 1.274247294531547858e+01 1.271117557125710817e+01 1.267616948711092384e+01 1.264013289259718320e+01 1.260717940024393080e+01 1.112500000000000000e+01
1.309573267714902656e+01 1.309482093594931307e+01 1.307864226748701952e+01 1.305505324563429781e+01 1.303168608459205657e+01 1.300627931212356891e+01 1.297754443560226001e+01 1.294608532323727879e+01 1.291751179723970999e+01 1.288532570328622562e+01 1.284920916189802753e+01 1.281793799342883311e+01 1.278286698729894866e+01 1.274501624871182237e+01 1.271173494144127325e+01 1.267453881313791086e+01 1.117500000000000071e+01
1.318899708202262921e+01 1.318598879000298929e+01 1.316752981840938119e+01 1.314307318899956734e+01 1.311835789912474226e+01 1.309014029950152569e+01 1.305811248248956780e+01 1.302811397057175213e+01 1.299633116360409346e+01 1.296036220029140296e+01 1.292685278053308906e+01 1.289193978934315510e+01 1.285251791387019971e+01 1.281851133361412387e+01 1.278107328593051228e+01 1.274176800418458555e+01 1.122499999999999964e+01
1.328383508219575582e+01 1.327851289508069321e+01 1.325759705002083066e+01 1.323301212598085463e+01 1.320573443831540850e+01 1.317448865883963371e+01 1.314139838082371270e+01 1.311021529523475415e+01 1.307489576230326733e+01 1.303837867787649962e+01 1.300387287769544287e+01 1.296484140933868012e+01 1.292794731262071117e+01 1.289059166008494017e+01 1.284876798847306034e+01 1.281356272876091040e+01 1.127500000000000036e+01
1.338078776790502644e+01 1.337294254860572451e+01 1.334954182729420502e+01 1.332429385368017805e+01 1.329432057699209224e+01 1.325985098483419655e+01 1.322724602621188339e+01 1.319284609086757243e+01 1.315365996155412631e+01 1.311894574510913891e+01 1.308064279746296776e+01 1.304029078064307257e+01 1.300337622233676171e+01 1.296149879576060471e+01 1.292342438834755569e+01 1.288386861426761243e+01 1.132500000000000107e+01
1.348040917935467320e+01 1.346985704702216324e+01 1.344500944807939824e+01 1.341743989006502957e+01 1.338468303199355169e+01 1.334756945074139978e+01 1.331436654962952737e+01 1.327655412995538065e+01 1.323733583585772244e+01 1.320011181174470138e+01 1.315764680688960198e+01 1.311960397294414804e+01 1.307858501390782457e+01 1.303655291741888433e+01 1.299748427978054188e+01 1.295295138309575655e+01 1.137500000000000000e+01
1.358317483020278438e+01 1.356978104453280132e+01 1.354283521160179937e+01 1.351295073027710814e+01 1.347738932945805601e+01 1.343939039767402122e+01 1.340330207567190435e+01 1.336193439284588358e+01 1.332323532903742169e+01 1.328242336211327057e+01 1.323927068869405055e+01 1.319959605761181898e+01 1.315406610617915639e+01 1.311488776656758759e+01 1.307136409525554477e+01 1.302940528948477983e+01 1.142500000000000071e+01
1.368939404261454840e+01 1.367309954717851106e+01 1.364335017707731801e+01 1.361124189518901773e+01 1.357294954112235885e+01 1.353352717555729789e+01 1.349457598811899040e+01 1.344969396444030707e+01 1.341099783310292182e+01 1.336645998270685354e+01 1.332426846521259733e+01 1.328080911674802600e+01 1.323587089573518583e+01 1.319399184913898537e+01 1.314683530955088742e+01 1.310705174207753565e+01 1.147499999999999964e+01
1.379795672255487560e+01 1.377877723135447852e+01 1.374573311073771542e+01 1.371151988788186848e+01 1.367059033758578934e+01 1.362936800507131885e+01 1.358758499708339507e+01 1.354181408348721227e+01 1.350013914119370817e+01 1.345170027774522303e+01 1.341028862433562274e+01 1.336278058259268242e+01 1.331945686485911651e+01 1.327343806474137189e+01 1.322860456802898810e+01 1.318467001830122420e+01 1.152500000000000036e+01
1.390683233262090823e+01 1.388481659252035527e+01 1.384837665194304357e+01 1.381211782729831405e+01 1.376855088186825071e+01 1.372548314228008337e+01 1.368079599409742464e+01 1.363411607267886794e+01 1.358929577995607652e+01 1.354037625442027704e+01 1.349608694411716669e+01 1.344578672082801951e+01 1.340256520090810888e+01 1.335183312458418392e+01 1.330965054772232037e+01 1.326091970024903333e+01 1.157500000000000107e+01
1.401425883883643841e+01 1.398943812354365690e+01 1.394984739591521539e+01 1.391149853692198235e+01 1.386513842989584333e+01 1.382049231120277710e+01 1.377264918149165673e+01 1.372533448395891931e+01 1.367700519710660778e+01 1.362837415390635520e+01 1.358026213174218277e+01 1.353112347858169606e+01 1.348382754588071286e+01 1.343449648259654694e+01 1.338862590453199886e+01 1.333917681245181619e+01 1.162500000000000000e+01
1.412366867433102691e+01 1.409625189850163096e+01 1.405418148585944671e+01 1.401292647284839710e+01 1.396400965509022463e+01 1.391744198911789887e+01 1.386658539181127026e+01 1.381833620322423961e+01 1.376651964310029186e+01 1.371793771252858285e+01 1.366589400525401210e+01 1.361775903390203446e+01 1.356614354257861699e+01 1.351870931742502080e+01 1.346823453973094153e+01 1.342149098223998571e+01 1.167500000000000071e+01
1.423343104967156769e+01 1.420365509315974428e+01 1.415936306502756103e+01 1.411506080294294030e+01 1.406373807009553012e+01 1.401517422247957256e+01 1.396134031944056986e+01 1.391210372191933864e+01 1.385669073445191479e+01 1.380815429454228394e+01 1.375191237169805092e+01 1.370485775714216459e+01 1.364899399723394247e+01 1.360314292757932186e+01 1.354834120732136604e+01 1.350376116671648496e+01 1.172499999999999964e+01
1.434049474853708972e+01 1.430843941568777744e+01 1.426179068812111872e+01 1.421499753428141055e+01 1.416097831898803960e+01 1.411094417608881990e+01 1.405366816791436513e+01 1.400398929625020195e+01 1.394614174999522582e+01 1.389643138314336746e+01 1.384008047456160106e+01 1.378985817869072150e+01 1.373537073131826247e+01 1.368526106750542404e+01 1.363268019978592172e+01 1.358348200561796482e+01 1.177500000000000036e+01
1.444597893351950901e+01 1.441177778188479763e+01 1.436271714336783667e+01 1.431379124351806098e+01 1.425685833148789605e+01 1.420571505722126204e+01 1.414633737896599897e+01 1.409486232830358254e+01 1.403693250763034328e+01 1.398353459111791253e+01 1.392805645221735311e+01 1.387341021124924723e+01 1.382078333469930698e+01 1.376558944113285143e+01 1.371585221297989321e+01 1.366105817847845039e+01 1.182500000000000107e+01
1.455462067779541435e+01 1.451739713616050409e+01 1.446648063358075831e+01 1.441501980285843665e+01 1.435567325934825611e+01 1.430305819471302797e+01 1.424237371595952695e+01 1.418832464431425144e+01 1.412999482401507301e+01 1.407309837880990422e+01 1.401823177795501785e+01 1.395915793784481451e+01 1.390822625366211263e+01 1.384859689777224645e+01 1.380081464680966086e+01 1.374389466836847262e+01 1.187500000000000000e+01
1.466406224921904311e+01 1.462245194814398630e+01 1.456988183976331541e+01 1.451606946874240478e+01 1.445435214122011303e+01 1.440046200608376736e+01 1.433858785877182562e+01 1.428190910688429049e+01 1.422333123475216254e+01 1.416265652466590907e+01 1.410864153768546281e+01 1.404669823063771084e+01 1.399575198838918233e+01 1.393749333502695542e+01 1.388563360603501984e+01 1.383097922704173577e+01 1.192500000000000071e+01
1.477805175745790223e+01 1.473110606889407670e+01 1.467811457323399082e+01 1.462116610201631417e+01 1.455837454912432882e+01 1.450242075410835696e+01 1.443866498117526120e+01 1.438045895376342287e+01 1.432089169652454075e+01 1.425742680006782237e+01 1.420350448880565786e+01 1.414135373700550780e+01 1.408781729901386548e+01 1.403022920949792152e+01 1.397494550414117676e+01 1.392188720409438041e+01 1.197499999999999964e+01
1.489023164178768432e+01 1.483838870780658503e+01 1.478532348901470606e+01 1.472552203893755518e+01 1.466186056716309061e+01 1.460411028753232365e+01 1.453864246770123536e+01 1.447902926032274529e+01 1.441865290159075741e+01 1.435229313573534782e+01 1.429871906632325818e+01 1.423647376289112998e+01 1.418024570216723390e+01 1.412351039478719805e+01 1.406452295925835116e+01 1.401334710947702966e+01 1.202500000000000036e+01
1.498811943136453984e+01 1.493479450674532494e+01 1.487886242328550246e+01 1.481905335378003485e+01 1.475069313145342953e+01 1.469423430449116452e+01 1.462945936962724325e+01 1.456473734305300738e+01 1.450641950977836814e+01 1.444040050519638640e+01 1.438284701257558318e+01 1.432318752885363722e+01 1.426035427409254375e+01 1.420770726100785630e+01 1.414496542161642267e+01 1.409510564952597100e+01 1.207500000000000107e+01
1.508945831497761070e+01 1.503401591668925619e+01 1.497605760439047629e+01 1.491577579969609957e+01 1.484639658241612814e+01 1.478788168499988309e+01 1.472340496139370813e+01 1.465407801109137509e+01 1.459753045544898242e+01 1.453244872382530417e+01 1.447032935633052375e+01 1.441298482859105334e+01 1.434671421048025231e+01 1.429496528304772696e+01 1.423456257554564353e+01 1.417979141600742388e+01 1.212500000000000000e+01
1.518812948163922272e+01 1.513142992080201665e+01 1.507063618332967003e+01 1.501074841750988753e+01 1.494120972767610489e+01 1.487944237638866163e+01 1.481604612089960327e+01 1.474524096332851464e+01 1.468693019683884060e+01 1.462354152942281793e+01 1.455538207833686748e+01 1.450150040715573319e+01 1.443719469306824976e+01 1.438048468035605332e+01 1.432337650354157432e+01 1.426222545803954311e+01 1.217500000000000071e+01
1.527127340934605471e+01 1.521780873499339570e+01 1.514897558068782324e+01 1.509294102360491507e+01 1.502640364932644701e+01 1.495485911870305884e+01 1.489675301635813653e+01 1.482943259206306941e+01 1.476115167917154203e+01 1.470370208096749742e+01 1.463672178175975169e+01 1.457662872758819361e+01 1.451834476621924352e+01 1.444998332836229871e+01 1.440140478282250491e+01 1.433921709768416619e+01 1.222499999999999964e+01
1.533706786419025647e+01 1.528238130885486612e+01 1.522137340779872261e+01 1.514889377028247175e+01 1.509150255873397128e+01 1.502457219141293976e+01 1.495048456666449965e+01 1.489411991525643053e+01 1.482762512069811045e+01 1.475827733666860020e+01 1.470281191646195573e+01 1.463648263513506897e+01 1.457724374483314023e+01 1.451980530422581595e+01 1.445283085134921208e+01 1.440502549286873624e+01 1.227500000000000036e+01
1.543797951428052251e+01 1.538240762380159943e+01 1.532085308083084918e+01 1.524736359237254746e+01 1.518915652730887444e+01 1.512243270441534548e+01 1.504760907865921737e+01 1.499014450762354400e+01 1.492436625719595789e+01 1.485074890221284960e+01 1.479797400137415231e+01 1.473254652910469709e+01 1.466992477053128496e+01 1.461486992637049553e+01 1.454695226434202127e+01 1.449879498812144085e+01 1.232500000000000107e+01
